COMPACTNESS,CIRCULARITY,DISTANCE CIRCULARITY,RADIUS RATIO,PR.AXIS ASPECT RATIO,MAX.LENGTH ASPECT RATIO,SCATTER RATIO,ELONGATEDNESS,PR.AXIS RECTANGULARITY,MAX.LENGTH RECTANGULARITY,SCALED VARIANCE ALONG MAJOR AXIS,SCALED VARIANCE ALONG MINOR AXIS,SCALED RADIUS OF GYRATION,SKEWNESS ABOUT MAJOR AXIS,SKEWNESS ABOUT MINOR AXIS,KURTOSIS ABOUT MINOR AXIS,KURTOSIS ABOUT MAJOR AXIS,HOLLOWS RATIO,class
0.4782608695652173,0.5769230769230769,0.5972222222222221,0.3231441048034934,0.27472527472527475,0.1509433962264151,0.326797385620915,0.4571428571428571,0.25,0.5857142857142856,0.2421052631578947,0.23381294964028773,0.47169811320754707,0.14473684210526316,0.2727272727272727,0.3902439024390244,0.36666666666666714,0.5333333333333332,3
0.3913043478260869,0.3076923076923077,0.6111111111111109,0.16157205240174677,0.10989010989010983,0.1320754716981132,0.24183006535947704,0.5428571428571427,0.16666666666666674,0.357142857142857,0.21052631578947367,0.1750599520383693,0.30817610062893075,0.17105263157894735,0.4090909090909091,0.34146341463414637,0.43333333333333357,0.5999999999999996,3
0.43478260869565233,0.3076923076923077,0.5833333333333333,0.24017467248908297,0.17582417582417587,0.1320754716981132,0.20915032679738554,0.5714285714285714,0.16666666666666674,0.357142857142857,0.1578947368421052,0.14988009592326137,0.1132075471698113,0.05263157894736836,0.2727272727272727,0.24390243902439024,0.7666666666666666,0.8666666666666663,3
0.26086956521739135,0.42307692307692313,0.41666666666666663,0.44104803493449785,0.6153846153846155,0.9433962264150944,0.24183006535947704,0.5428571428571427,0.16666666666666674,0.3714285714285712,0.5842105263157894,0.16906474820143882,0.4968553459119496,0.8947368421052632,0.4090909090909091,0.2682926829268293,0.13333333333333375,0.06666666666666643,0
0.7391304347826089,0.9230769230769231,0.9166666666666665,0.29694323144104806,0.03296703296703296,0.07547169811320756,0.934640522875817,0.0,0.9166666666666665,0.7285714285714284,0.7894736842105262,0.9268585131894485,0.9748427672955975,0.3421052631578948,0.2272727272727273,0.21951219512195122,0.16666666666666696,0.06666666666666643,0
0.5217391304347827,0.3846153846153846,0.45833333333333326,0.3013100436681223,0.19780219780219777,0.07547169811320756,0.26797385620915026,0.4571428571428571,0.16666666666666674,0.357142857142857,0.2421052631578947,0.21223021582733811,0.39622641509433953,0.09210526315789469,0.5909090909090909,0.024390243902439025,0.8000000000000007,0.7666666666666666,0
0.36956521739130443,0.3846153846153846,0.36111111111111105,0.23144104803493448,0.19780219780219777,0.1320754716981132,0.1633986928104575,0.6285714285714286,0.08333333333333348,0.40000000000000013,0.16842105263157892,0.11630695443645081,0.3459119496855345,0.10526315789473684,0.13636363636363635,0.07317073170731708,0.5666666666666673,0.7000000000000002,3
0.28260869565217384,0.038461538461538325,0.30555555555555547,0.15720524017467252,0.15384615384615385,0.09433962264150944,0.065359477124183,0.7999999999999998,0.0,0.12857142857142856,0.05789473684210522,0.04676258992805757,0.018867924528301883,0.06578947368421051,0.09090909090909091,0.34146341463414637,0.8000000000000007,0.9000000000000004,3
0.43478260869565233,0.42307692307692313,0.8055555555555554,0.406113537117904,0.1648351648351648,0.16981132075471697,0.46405228758169925,0.2857142857142856,0.41666666666666674,0.40000000000000013,0.3789473684210526,0.3848920863309353,0.270440251572327,0.06578947368421051,0.18181818181818182,0.34146341463414637,0.6333333333333337,0.7666666666666666,2
0.36956521739130443,0.038461538461538325,0.36111111111111105,0.13973799126637554,0.08791208791208793,0.07547169811320756,0.07189542483660127,0.7999999999999998,0.0,0.0,0.09473684210526312,0.04796163069544365,0.05660377358490565,0.07894736842105265,0.2272727272727273,0.6341463414634146,0.666666666666667,0.7000000000000002,2
0.32608695652173925,0.5,0.4722222222222221,0.2925764192139738,0.23076923076923073,0.07547169811320756,0.261437908496732,0.48571428571428554,0.16666666666666674,0.4285714285714286,0.26315789473684204,0.197841726618705,0.5220125786163523,0.1578947368421052,0.2272727272727273,0.2682926829268293,0.43333333333333357,0.4666666666666668,0
0.34782608695652173,0.34615384615384603,0.625,0.1746724890829694,0.1208791208791209,0.1509433962264151,0.261437908496732,0.5142857142857142,0.16666666666666674,0.3714285714285712,0.22631578947368414,0.19304556354916066,0.32704402515723263,0.17105263157894735,0.36363636363636365,0.3170731707317073,0.36666666666666714,0.5333333333333332,3
0.4565217391304346,0.6153846153846154,0.5416666666666665,0.43231441048034935,0.2637362637362638,0.056603773584905655,0.40522875816993453,0.3142857142857143,0.3333333333333335,0.514285714285714,0.34736842105263144,0.3369304556354916,0.6100628930817611,0.1578947368421052,0.2727272727272727,0.04878048780487805,0.7000000000000002,0.5999999999999996,0
0.5,0.846153846153846,0.875,0.42358078602620086,0.19780219780219777,0.1320754716981132,0.6013071895424837,0.17142857142857137,0.5,0.6857142857142857,0.5105263157894736,0.52757793764988,0.8616352201257862,0.19736842105263153,0.2727272727272727,0.04878048780487805,0.3333333333333339,0.43333333333333357,1
0.34782608695652173,0.1153846153846152,0.15277777777777768,0.02183406113537123,0.05494505494505497,0.07547169811320756,0.039215686274509776,0.8857142857142857,0.0,0.15714285714285703,0.0368421052631579,0.026378896882494007,0.10062893081761004,0.2763157894736842,0.09090909090909091,0.34146341463414637,0.16666666666666696,0.13333333333333375,3
0.6739130434782608,0.8076923076923077,0.8333333333333333,0.3580786026200874,0.15384615384615385,0.1509433962264151,0.6797385620915033,0.1428571428571428,0.5833333333333335,0.7857142857142858,0.4999999999999999,0.6019184652278178,0.6981132075471699,0.19736842105263153,0.2272727272727273,0.2682926829268293,0.3000000000000007,0.4666666666666668,2
0.6086956521739131,0.8846153846153848,0.8333333333333333,0.4847161572052402,0.2417582417582418,0.1509433962264151,0.6274509803921569,0.17142857142857137,0.5833333333333335,0.7285714285714284,0.5105263157894736,0.5599520383693045,0.7169811320754718,0.19736842105263153,0.2727272727272727,0.12195121951219512,0.3333333333333339,0.40000000000000036,1
0.23913043478260865,0.5384615384615383,0.48611111111111094,0.2139737991266376,0.18681318681318682,0.07547169811320756,0.27450980392156854,0.48571428571428554,0.16666666666666674,0.38571428571428545,0.23684210526315785,0.20383693045563547,0.47169811320754707,0.21052631578947367,0.0,0.07317073170731708,0.3000000000000007,0.36666666666666714,0
0.23913043478260865,0.15384615384615374,0.18055555555555547,0.07423580786026207,0.13186813186813184,0.056603773584905655,0.07189542483660127,0.8285714285714285,0.0,0.09999999999999987,0.05789473684210522,0.044364508393285346,0.15094339622641506,0.3026315789473685,0.3181818181818182,0.024390243902439025,0.10000000000000053,0.06666666666666643,3
0.4565217391304346,0.3846153846153846,0.33333333333333326,0.3013100436681223,0.2417582417582418,0.09433962264150944,0.24836601307189543,0.48571428571428554,0.16666666666666674,0.34285714285714275,0.20526315789473681,0.19184652278177458,0.4276729559748427,0.11842105263157887,0.4090909090909091,0.024390243902439025,0.7666666666666666,0.833333333333333,0
0.30434782608695654,0.23076923076923062,0.41666666666666663,0.19213973799126638,0.15384615384615385,0.09433962264150944,0.20261437908496727,0.5714285714285714,0.08333333333333348,0.2571428571428571,0.17894736842105263,0.1474820143884892,0.20125786163522008,0.13157894736842102,0.045454545454545456,0.04878048780487805,0.5333333333333341,0.5999999999999996,0
0.5652173913043477,0.7692307692307694,0.9027777777777777,0.5021834061135371,0.20879120879120883,0.16981132075471697,0.6013071895424837,0.17142857142857137,0.5,0.6714285714285715,0.4789473684210527,0.526378896882494,0.7232704402515724,0.11842105263157887,0.0,0.14634146341463417,0.5,0.666666666666667,2
0.26086956521739135,0.46153846153846145,0.5555555555555556,0.21834061135371186,0.18681318681318682,0.1320754716981132,0.2287581699346405,0.5428571428571427,0.16666666666666674,0.4285714285714286,0.20526315789473681,0.16786570743405274,0.4088050314465408,0.1578947368421052,0.045454545454545456,0.0975609756097561,0.40000000000000036,0.5999999999999996,3
0.21739130434782616,0.1153846153846152,0.19444444444444442,0.06550218340611358,0.10989010989010983,0.07547169811320756,0.10457516339869277,0.7714285714285714,0.08333333333333348,0.09999999999999987,0.06842105263157894,0.06474820143884893,0.18867924528301883,0.3026315789473685,0.2727272727272727,0.07317073170731708,0.10000000000000053,0.06666666666666643,2
0.7391304347826089,0.8076923076923077,0.8055555555555554,0.43231441048034935,0.19780219780219777,0.16981132075471697,0.6928104575163399,0.1428571428571428,0.6666666666666665,0.7,0.5210526315789473,0.6139088729016786,0.6729559748427674,0.17105263157894735,0.045454545454545456,0.6829268292682927,0.36666666666666714,0.5999999999999996,2
0.6304347826086958,0.46153846153846145,0.625,0.388646288209607,0.18681318681318682,0.07547169811320756,0.522875816993464,0.19999999999999996,0.41666666666666674,0.40000000000000013,0.45789473684210524,0.4628297362110312,0.3396226415094339,0.22368421052631582,0.2727272727272727,0.17073170731707318,0.6333333333333337,0.40000000000000036,0
0.34782608695652173,0.3846153846153846,0.625,0.24454148471615722,0.18681318681318682,0.16981132075471697,0.2810457516339868,0.48571428571428554,0.16666666666666674,0.4714285714285713,0.22631578947368414,0.20623501199040764,0.4088050314465408,0.17105263157894735,0.2272727272727273,0.21951219512195122,0.3000000000000007,0.5,3
0.32608695652173925,0.34615384615384603,0.5138888888888888,0.20524017467248912,0.1208791208791209,0.11320754716981132,0.18300653594771243,0.5999999999999999,0.08333333333333348,0.34285714285714275,0.1842105263157895,0.13069544364508393,0.30817610062893075,0.06578947368421051,0.4545454545454546,0.2682926829268293,0.7333333333333334,0.7999999999999998,2
0.43478260869565233,0.07692307692307687,0.36111111111111105,0.21834061135371186,0.13186813186813184,0.07547169811320756,0.196078431372549,0.5714285714285714,0.08333333333333348,0.1428571428571428,0.16842105263157892,0.1438848920863309,0.0691823899371069,0.06578947368421051,0.2272727272727273,0.3170731707317073,0.7000000000000002,0.7000000000000002,1
0.6086956521739131,0.5769230769230769,0.9305555555555554,0.5152838427947598,0.23076923076923073,0.1509433962264151,0.6274509803921569,0.17142857142857137,0.5833333333333335,0.514285714285714,0.5368421052631579,0.5479616306954437,0.5974842767295598,0.14473684210526316,0.2272727272727273,0.926829268292683,0.4666666666666668,0.7000000000000002,1
0.30434782608695654,0.1923076923076923,0.625,0.3187772925764192,0.15384615384615385,0.11320754716981132,0.33986928104575154,0.3999999999999999,0.25,0.15714285714285703,0.2947368421052631,0.2613908872901678,0.13207547169811318,0.05263157894736836,0.045454545454545456,0.6097560975609756,0.7333333333333334,0.7999999999999998,1
0.5869565217391304,0.5,0.6944444444444444,0.29694323144104806,0.21978021978021978,0.1320754716981132,0.2941176470588236,0.48571428571428554,0.25,0.4571428571428571,0.21052631578947367,0.21462829736211028,0.47169811320754707,0.10526315789473684,0.7727272727272727,0.17073170731707318,0.5333333333333341,0.6333333333333337,3
0.36956521739130443,0.5769230769230769,0.6388888888888888,0.8820960698689957,0.8681318681318683,0.8867924528301887,0.26797385620915026,0.5142857142857142,0.16666666666666674,0.5428571428571429,0.7473684210526316,0.19424460431654675,0.5723270440251573,0.7763157894736842,0.0,0.36585365853658536,0.3000000000000007,0.43333333333333357,3
0.17391304347826098,0.46153846153846145,0.38888888888888884,0.2838427947598253,0.2857142857142857,0.07547169811320756,0.2549019607843137,0.5142857142857142,0.16666666666666674,0.40000000000000013,0.22631578947368414,0.18225419664268586,0.4842767295597483,0.21052631578947367,0.3181818181818182,0.0,0.2333333333333334,0.2666666666666666,0
0.4782608695652173,0.5769230769230769,0.8888888888888888,0.48034934497816595,0.21978021978021978,0.1320754716981132,0.607843137254902,0.17142857142857137,0.5,0.4714285714285713,0.5105263157894736,0.5323741007194245,0.5849056603773586,0.19736842105263153,0.2272727272727273,0.21951219512195122,0.3333333333333339,0.40000000000000036,1
0.32608695652173925,0.15384615384615374,0.15277777777777768,0.004366812227074246,0.05494505494505497,0.056603773584905655,0.04575163398692805,0.8857142857142857,0.0,0.1428571428571428,0.02631578947368418,0.02757793764988009,0.10062893081761004,0.35526315789473684,0.36363636363636365,0.3902439024390244,0.10000000000000053,0.06666666666666643,3
0.4565217391304346,0.6153846153846154,0.6527777777777777,0.14410480349344978,0.07692307692307687,0.16981132075471697,0.30065359477124187,0.48571428571428554,0.25,0.6285714285714283,0.25263157894736843,0.2182254196642686,0.4842767295597483,0.21052631578947367,0.2272727272727273,0.12195121951219512,0.2333333333333334,0.43333333333333357,3
0.43478260869565233,0.15384615384615374,0.5,0.34497816593886466,0.17582417582417587,0.11320754716981132,0.33986928104575154,0.3999999999999999,0.25,0.22857142857142843,0.32105263157894737,0.26498800959232616,0.18867924528301883,0.10526315789473684,0.18181818181818182,0.17073170731707318,0.5333333333333341,0.5333333333333332,2
1.0,0.8076923076923077,0.9166666666666665,0.5065502183406113,0.19780219780219777,0.18867924528301888,0.6601307189542482,0.1428571428571428,0.5833333333333335,0.7,0.48947368421052617,0.5887290167865707,0.7735849056603774,0.09210526315789469,0.9090909090909092,0.024390243902439025,0.5333333333333341,0.7000000000000002,2
0.43478260869565233,0.5,0.5833333333333333,0.17903930131004364,0.1208791208791209,0.16981132075471697,0.30718954248366015,0.48571428571428554,0.25,0.5999999999999999,0.26315789473684204,0.224220623501199,0.5031446540880502,0.23684210526315785,0.09090909090909091,0.0975609756097561,0.2333333333333334,0.43333333333333357,3
0.3913043478260869,0.3846153846153846,0.41666666666666663,0.1266375545851529,0.08791208791208793,0.11320754716981132,0.11764705882352933,0.7142857142857142,0.08333333333333348,0.40000000000000013,0.15263157894736834,0.0827338129496403,0.2955974842767295,0.14473684210526316,0.045454545454545456,0.1951219512195122,0.4666666666666668,0.43333333333333357,3
0.26086956521739135,0.34615384615384603,0.36111111111111105,0.07860262008733632,0.07692307692307687,0.07547169811320756,0.23529411764705876,0.5714285714285714,0.16666666666666674,0.3285714285714285,0.22105263157894728,0.1594724220623501,0.4088050314465408,0.38157894736842113,0.2727272727272727,0.34146341463414637,0.13333333333333375,0.033333333333333215,0
0.34782608695652173,0.5384615384615383,0.5694444444444444,0.18777292576419213,0.18681318681318682,0.16981132075471697,0.2875816993464051,0.5142857142857142,0.25,0.6428571428571426,0.21052631578947367,0.2014388489208633,0.4968553459119496,0.22368421052631582,0.2727272727272727,0.3170731707317073,0.2666666666666666,0.40000000000000036,3
0.3913043478260869,0.46153846153846145,0.5416666666666665,0.31441048034934505,0.13186813186813184,0.1320754716981132,0.33333333333333326,0.3999999999999999,0.25,0.4285714285714286,0.28421052631578947,0.2637889688249401,0.4402515723270439,0.03947368421052633,0.0,0.24390243902439024,0.7666666666666666,0.9000000000000004,2
0.10869565217391308,0.1923076923076923,0.3194444444444444,0.048034934497816595,0.04395604395604391,0.07547169811320756,0.196078431372549,0.5999999999999999,0.16666666666666674,0.17142857142857126,0.16842105263157892,0.13788968824940048,0.23270440251572322,0.23684210526315785,0.09090909090909091,0.0975609756097561,0.16666666666666696,0.13333333333333375,2
0.6086956521739131,0.34615384615384603,0.30555555555555547,0.3100436681222708,0.21978021978021978,0.07547169811320756,0.24183006535947704,0.48571428571428554,0.16666666666666674,0.2999999999999998,0.20526315789473681,0.18824940047961627,0.35220125786163514,0.07894736842105265,0.3181818181818182,0.2682926829268293,0.8666666666666671,0.9333333333333336,0
0.6086956521739131,0.8846153846153848,0.8888888888888888,0.35371179039301315,0.06593406593406592,0.07547169811320756,0.9477124183006536,0.0,0.9166666666666665,0.7142857142857142,0.7631578947368421,0.9256594724220624,0.7610062893081762,0.3157894736842105,0.2272727272727273,0.6341463414634146,0.13333333333333375,0.09999999999999964,0
0.4565217391304346,0.1153846153846152,0.36111111111111105,0.20524017467248912,0.15384615384615385,0.11320754716981132,0.13725490196078427,0.6857142857142857,0.08333333333333348,0.24285714285714288,0.12631578947368416,0.09712230215827336,0.06289308176100628,0.03947368421052633,0.4090909090909091,0.07317073170731708,0.8333333333333339,0.9000000000000004,3
0.5217391304347827,0.42307692307692313,0.7777777777777777,0.3973799126637555,0.17582417582417587,0.1320754716981132,0.47712418300653603,0.2857142857142856,0.41666666666666674,0.3714285714285712,0.3789473684210526,0.3932853717026379,0.35220125786163514,0.09210526315789469,0.18181818181818182,0.1951219512195122,0.5,0.5999999999999996,2
0.34782608695652173,0.5384615384615383,0.6111111111111109,0.1266375545851529,0.08791208791208793,0.16981132075471697,0.2941176470588236,0.5142857142857142,0.25,0.5999999999999999,0.20526315789473681,0.20383693045563547,0.42138364779874204,0.19736842105263153,0.2272727272727273,0.21951219512195122,0.20000000000000018,0.36666666666666714,3
0.7391304347826089,0.7692307692307694,0.875,0.5109170305676856,0.20879120879120883,0.16981132075471697,0.6339869281045751,0.17142857142857137,0.5833333333333335,0.6428571428571426,0.48421052631578954,0.5623501199040767,0.6477987421383649,0.09210526315789469,0.0,0.024390243902439025,0.5,0.666666666666667,1
0.26086956521739135,0.23076923076923062,0.38888888888888884,0.06550218340611358,0.05494505494505497,0.056603773584905655,0.10457516339869277,0.7714285714285714,0.08333333333333348,0.24285714285714288,0.09473684210526312,0.06834532374100719,0.2075471698113207,0.21052631578947367,0.36363636363636365,0.1951219512195122,0.20000000000000018,0.20000000000000018,3
0.652173913043478,0.6538461538461537,0.8055555555555554,0.47161572052401746,0.17582417582417587,0.1320754716981132,0.5294117647058822,0.22857142857142854,0.41666666666666674,0.6142857142857141,0.44210526315789467,0.45923261390887293,0.4779874213836477,0.06578947368421051,0.2272727272727273,0.12195121951219512,0.7333333333333334,0.7666666666666666,1
0.08695652173913038,0.1923076923076923,0.3194444444444444,0.1353711790393013,0.13186813186813184,0.056603773584905655,0.11764705882352933,0.7428571428571429,0.08333333333333348,0.17142857142857126,0.07894736842105254,0.07553956834532374,0.18867924528301883,0.26315789473684215,0.5909090909090909,0.5121951219512195,0.2333333333333334,0.20000000000000018,1
0.5,0.26923076923076916,0.41666666666666663,0.06986899563318782,0.03296703296703296,0.11320754716981132,0.1633986928104575,0.6857142857142857,0.08333333333333348,0.3285714285714285,0.16842105263157892,0.10191846522781775,0.18867924528301883,0.2763157894736842,0.4545454545454546,0.3170731707317073,0.2333333333333334,0.06666666666666643,3
0.21739130434782616,0.34615384615384603,0.36111111111111105,0.22707423580786024,0.21978021978021978,0.09433962264150944,0.24836601307189543,0.5428571428571427,0.16666666666666674,0.3714285714285712,0.231578947368421,0.17865707434052755,0.3144654088050314,0.2499999999999999,0.18181818181818182,0.04878048780487805,0.20000000000000018,0.2333333333333334,0
0.43478260869565233,0.46153846153846145,0.6388888888888888,0.42358078602620086,0.2417582417582418,0.09433962264150944,0.47058823529411753,0.2571428571428571,0.41666666666666674,0.38571428571428545,0.38421052631578945,0.4064748201438849,0.46540880503144644,0.17105263157894735,0.0,0.0975609756097561,0.6000000000000005,0.5333333333333332,0
0.34782608695652173,0.3076923076923077,0.48611111111111094,0.17030567685589526,0.09890109890109888,0.09433962264150944,0.2222222222222222,0.5714285714285714,0.16666666666666674,0.27142857142857135,0.21052631578947367,0.1594724220623501,0.2955974842767295,0.22368421052631582,0.8181818181818182,0.12195121951219512,0.2666666666666666,0.2333333333333334,1
0.17391304347826098,0.3846153846153846,0.38888888888888884,0.09170305676855894,0.10989010989010983,0.11320754716981132,0.24183006535947704,0.5714285714285714,0.16666666666666674,0.40000000000000013,0.20526315789473681,0.16666666666666666,0.39622641509433953,0.3157894736842105,0.2727272727272727,0.43902439024390244,0.10000000000000053,0.09999999999999964,0
0.5434782608695654,0.846153846153846,0.8472222222222221,0.5021834061135371,0.2417582417582418,0.16981132075471697,0.738562091503268,0.11428571428571421,0.6666666666666665,0.857142857142857,0.531578947368421,0.6762589928057554,0.6729559748427674,0.19736842105263153,0.2727272727272727,0.34146341463414637,0.36666666666666714,0.4666666666666668,1
0.28260869565217384,0.42307692307692313,0.5277777777777777,0.2620087336244542,0.23076923076923073,0.1320754716981132,0.196078431372549,0.5714285714285714,0.08333333333333348,0.41428571428571437,0.19999999999999996,0.14508393285371704,0.3899371069182389,0.14473684210526316,0.045454545454545456,0.2682926829268293,0.4666666666666668,0.666666666666667,3
0.5434782608695654,0.6153846153846154,0.6111111111111109,0.5021834061135371,0.29670329670329676,0.09433962264150944,0.5098039215686274,0.22857142857142854,0.41666666666666674,0.514285714285714,0.41052631578947374,0.44844124700239807,0.628930817610063,0.19736842105263153,0.18181818181818182,0.17073170731707318,0.6333333333333337,0.4666666666666668,0
0.5217391304347827,0.9999999999999998,0.9444444444444444,0.537117903930131,0.25274725274725274,0.16981132075471697,0.7320261437908497,0.11428571428571421,0.6666666666666665,0.9714285714285713,0.4999999999999999,0.657074340527578,0.6855345911949686,0.14473684210526316,0.4545454545454546,0.6097560975609756,0.3333333333333339,0.5666666666666664,1
0.4130434782608696,0.23076923076923062,0.7083333333333333,0.3799126637554585,0.1648351648351648,0.11320754716981132,0.4183006535947713,0.3142857142857143,0.3333333333333335,0.27142857142857135,0.34736842105263144,0.3381294964028777,0.26415094339622636,0.10526315789473684,0.13636363636363635,0.5609756097560976,0.5333333333333341,0.6333333333333337,1
0.0,0.15384615384615374,0.18055555555555547,0.030567685589519666,0.07692307692307687,0.07547169811320756,0.09150326797385622,0.8285714285714285,0.08333333333333348,0.1428571428571428,0.02631578947368418,0.0515587529976019,0.23899371069182385,0.3026315789473685,0.045454545454545456,0.36585365853658536,0.0,0.09999999999999964,1
0.34782608695652173,0.34615384615384603,0.6805555555555554,0.18777292576419213,0.15384615384615385,0.16981132075471697,0.2549019607843137,0.5142857142857142,0.16666666666666674,0.38571428571428545,0.21052631578947367,0.18465227817745802,0.3396226415094339,0.17105263157894735,0.5,0.5609756097560976,0.36666666666666714,0.5999999999999996,3
0.6086956521739131,0.7692307692307694,0.875,0.43231441048034935,0.17582417582417587,0.1320754716981132,0.542483660130719,0.22857142857142854,0.41666666666666674,0.6285714285714283,0.42105263157894723,0.46402877697841727,0.6352201257861636,0.11842105263157887,0.2272727272727273,0.12195121951219512,0.5,0.5666666666666664,1
0.3913043478260869,0.23076923076923062,0.5972222222222221,0.28820960698689957,0.1428571428571429,0.11320754716981132,0.392156862745098,0.34285714285714275,0.3333333333333335,0.22857142857142843,0.3526315789473683,0.31294964028776984,0.270440251572327,0.17105263157894735,0.0,0.24390243902439024,0.40000000000000036,0.43333333333333357,2
0.28260869565217384,0.26923076923076916,0.30555555555555547,0.15720524017467252,0.1648351648351648,0.09433962264150944,0.24836601307189543,0.5428571428571427,0.16666666666666674,0.2142857142857142,0.1842105263157895,0.1750599520383693,0.40251572327044016,0.3026315789473685,0.09090909090909091,0.07317073170731708,0.13333333333333375,0.13333333333333375,2
0.6739130434782608,0.7307692307692306,0.75,0.4541484716157205,0.20879120879120883,0.056603773584905655,0.6274509803921569,0.1428571428571428,0.5833333333333335,0.6142857142857141,0.5105263157894736,0.5779376498800959,0.6855345911949686,0.22368421052631582,0.5,0.0975609756097561,0.5666666666666673,0.33333333333333304,0
0.30434782608695654,0.5,0.43055555555555547,0.24017467248908297,0.20879120879120883,0.07547169811320756,0.2549019607843137,0.5142857142857142,0.16666666666666674,0.40000000000000013,0.23684210526315785,0.1906474820143885,0.5031446540880502,0.1842105263157895,0.09090909090909091,0.0,0.3333333333333339,0.2999999999999998,0
0.5652173913043477,0.6923076923076923,0.7222222222222221,0.43231441048034935,0.19780219780219777,0.056603773584905655,0.6339869281045751,0.1428571428571428,0.5833333333333335,0.5857142857142856,0.5368421052631579,0.5839328537170264,0.6603773584905661,0.2499999999999999,0.2272727272727273,0.2682926829268293,0.5,0.2666666666666666,0
0.4565217391304346,0.1153846153846152,0.38888888888888884,0.10043668122270744,0.07692307692307687,0.09433962264150944,0.0980392156862745,0.7428571428571429,0.08333333333333348,0.19999999999999996,0.13157894736842102,0.06954436450839327,0.04402515723270439,0.09210526315789469,0.045454545454545456,0.04878048780487805,0.6333333333333337,0.5,3
0.13043478260869557,0.26923076923076916,0.5555555555555556,0.1266375545851529,0.08791208791208793,0.09433962264150944,0.2287581699346405,0.5999999999999999,0.16666666666666674,0.24285714285714288,0.22105263157894728,0.15227817745803354,0.22012578616352196,0.22368421052631582,0.36363636363636365,0.7317073170731707,0.16666666666666696,0.40000000000000036,1
0.34782608695652173,0.26923076923076916,0.5,0.3668122270742358,0.31868131868131866,0.09433962264150944,0.24836601307189543,0.5142857142857142,0.16666666666666674,0.2571428571428571,0.231578947368421,0.18944844124700236,0.24528301886792447,0.17105263157894735,0.13636363636363635,0.1951219512195122,0.5666666666666673,0.5333333333333332,0
0.8043478260869565,0.9615384615384615,0.9166666666666665,0.3318777292576419,0.04395604395604391,0.07547169811320756,0.9738562091503269,0.0,0.9166666666666665,0.7571428571428569,0.7789473684210525,0.9760191846522781,0.9308176100628931,0.3157894736842105,0.4090909090909091,0.3170731707317073,0.16666666666666696,0.033333333333333215,0
0.28260869565217384,0.15384615384615374,0.2777777777777777,0.048034934497816595,0.07692307692307687,0.056603773584905655,0.04575163398692805,0.857142857142857,0.0,0.19999999999999996,0.05789473684210522,0.029976019184652286,0.12578616352201255,0.17105263157894735,0.09090909090909091,0.1951219512195122,0.3333333333333339,0.2999999999999998,3
0.3913043478260869,0.34615384615384603,0.6111111111111109,0.4585152838427947,0.3076923076923077,0.07547169811320756,0.3856209150326797,0.34285714285714275,0.25,0.2857142857142856,0.31052631578947365,0.3141486810551559,0.32704402515723263,0.13157894736842102,0.13636363636363635,0.29268292682926833,0.666666666666667,0.666666666666667,0
0.15217391304347827,0.15384615384615374,0.23611111111111105,0.05240174672489084,0.08791208791208793,0.07547169811320756,0.08496732026143783,0.7999999999999998,0.08333333333333348,0.09999999999999987,0.06315789473684208,0.05395683453237407,0.14465408805031443,0.2894736842105262,0.36363636363636365,0.12195121951219512,0.06666666666666732,0.09999999999999964,1
0.6739130434782608,0.846153846153846,0.9305555555555554,0.5152838427947598,0.23076923076923073,0.16981132075471697,0.6928104575163399,0.1428571428571428,0.5833333333333335,0.7857142857142858,0.5368421052631579,0.6223021582733813,0.7547169811320755,0.1578947368421052,0.13636363636363635,0.24390243902439024,0.40000000000000036,0.5999999999999996,2
0.4565217391304346,0.1923076923076923,0.6111111111111109,0.23580786026200873,0.08791208791208793,0.1320754716981132,0.37254901960784315,0.37142857142857144,0.25,0.17142857142857126,0.34736842105263144,0.29496402877697847,0.28930817610062887,0.13157894736842102,0.4090909090909091,0.36585365853658536,0.4666666666666668,0.4666666666666668,1
0.4565217391304346,0.5769230769230769,0.6527777777777777,0.2532751091703057,0.18681318681318682,0.1509433962264151,0.2941176470588236,0.48571428571428554,0.25,0.6142857142857141,0.2578947368421052,0.21462829736211028,0.4842767295597483,0.21052631578947367,0.18181818181818182,0.36585365853658536,0.2666666666666666,0.4666666666666668,3
0.23913043478260865,0.46153846153846145,0.36111111111111105,0.21834061135371186,0.19780219780219777,0.07547169811320756,0.21568627450980393,0.5714285714285714,0.16666666666666674,0.3714285714285712,0.19999999999999996,0.15347721822541963,0.4276729559748427,0.1842105263157895,0.09090909090909091,0.07317073170731708,0.2666666666666666,0.2333333333333334,0
0.5217391304347827,0.6538461538461537,0.9444444444444444,0.4672489082969432,0.19780219780219777,0.1509433962264151,0.6666666666666667,0.1428571428571428,0.5833333333333335,0.5428571428571429,0.5368421052631579,0.5983213429256594,0.6855345911949686,0.17105263157894735,0.3181818181818182,0.7073170731707318,0.40000000000000036,0.5333333333333332,1
0.34782608695652173,0.34615384615384603,0.5555555555555556,0.20524017467248912,0.1648351648351648,0.07547169811320756,0.20915032679738554,0.5714285714285714,0.16666666666666674,0.2999999999999998,0.18947368421052624,0.1486810551558753,0.3836477987421383,0.19736842105263153,0.7727272727272727,0.3170731707317073,0.3000000000000007,0.2666666666666666,2
0.4782608695652173,0.5,0.9027777777777777,0.5021834061135371,0.23076923076923073,0.1320754716981132,0.5816993464052287,0.19999999999999996,0.5,0.4285714285714286,0.48947368421052617,0.5011990407673861,0.578616352201258,0.13157894736842102,0.2272727272727273,0.926829268292683,0.5,0.7000000000000002,1
0.30434782608695654,0.42307692307692313,0.3472222222222221,0.0873362445414847,0.09890109890109888,0.07547169811320756,0.24183006535947704,0.5714285714285714,0.16666666666666674,0.3714285714285712,0.21052631578947367,0.1642685851318945,0.3899371069182389,0.36842105263157887,0.18181818181818182,0.29268292682926833,0.10000000000000053,0.033333333333333215,0
0.19565217391304346,0.46153846153846145,0.36111111111111105,0.6462882096069869,0.8681318681318683,0.9433962264150944,0.23529411764705876,0.5428571428571427,0.16666666666666674,0.3714285714285712,0.563157894736842,0.1702637889688249,0.4779874213836477,0.7894736842105262,0.045454545454545456,0.024390243902439025,0.16666666666666696,0.13333333333333375,0
0.4782608695652173,0.34615384615384603,0.625,0.30567685589519655,0.20879120879120883,0.1320754716981132,0.26797385620915026,0.5142857142857142,0.16666666666666674,0.3714285714285712,0.19999999999999996,0.19544364508393283,0.25786163522012573,0.07894736842105265,0.5,0.12195121951219512,0.666666666666667,0.7666666666666666,3
0.4565217391304346,0.34615384615384603,0.38888888888888884,0.20087336244541487,0.18681318681318682,0.09433962264150944,0.10457516339869277,0.7428571428571429,0.08333333333333348,0.357142857142857,0.12631578947368416,0.07434052757793766,0.3144654088050314,0.13157894736842102,0.6363636363636364,0.12195121951219512,0.5333333333333341,0.5,3
0.4130434782608696,0.1923076923076923,0.2777777777777777,0.11353711790393017,0.1648351648351648,0.056603773584905655,0.013071895424836555,0.9142857142857141,0.0,0.19999999999999996,0.02631578947368418,0.01199040767386092,0.17610062893081757,0.17105263157894735,0.6363636363636364,0.12195121951219512,0.4666666666666668,0.43333333333333357,3
0.6304347826086958,0.46153846153846145,0.5972222222222221,0.4104803493449781,0.19780219780219777,0.056603773584905655,0.5359477124183005,0.19999999999999996,0.41666666666666674,0.40000000000000013,0.4999999999999999,0.4700239808153477,0.3647798742138364,0.26315789473684215,0.0,0.6585365853658537,0.5666666666666673,0.33333333333333304,0
0.26086956521739135,0.23076923076923062,0.5138888888888888,0.20524017467248912,0.13186813186813184,0.11320754716981132,0.24836601307189543,0.5428571428571427,0.16666666666666674,0.22857142857142843,0.2421052631578947,0.17625899280575538,0.15094339622641506,0.1842105263157895,0.0,0.3902439024390244,0.2666666666666666,0.40000000000000036,1
0.5652173913043477,0.5769230769230769,0.5416666666666665,0.41484716157205237,0.23076923076923073,0.07547169811320756,0.47712418300653603,0.2571428571428571,0.41666666666666674,0.4999999999999998,0.3789473684210526,0.407673860911271,0.3899371069182389,0.19736842105263153,0.2272727272727273,0.1951219512195122,0.6333333333333337,0.4666666666666668,0
0.34782608695652173,0.26923076923076916,0.5138888888888888,0.24017467248908297,0.19780219780219777,0.1320754716981132,0.20915032679738554,0.5714285714285714,0.16666666666666674,0.3285714285714285,0.19999999999999996,0.15587529976019185,0.21383647798742134,0.14473684210526316,0.0,0.12195121951219512,0.4666666666666668,0.6333333333333337,3
0.4565217391304346,0.5769230769230769,0.5972222222222221,0.2532751091703057,0.18681318681318682,0.1509433962264151,0.2875816993464051,0.48571428571428554,0.16666666666666674,0.4999999999999998,0.24736842105263157,0.20743405275779372,0.49056603773584895,0.19736842105263153,0.18181818181818182,0.34146341463414637,0.3000000000000007,0.5,3
0.08695652173913038,0.1923076923076923,0.48611111111111094,0.1746724890829694,0.13186813186813184,0.07547169811320756,0.2287581699346405,0.5714285714285714,0.16666666666666674,0.19999999999999996,0.1947368421052631,0.15707434052757793,0.16981132075471694,0.2763157894736842,0.7272727272727273,0.4878048780487805,0.16666666666666696,0.20000000000000018,1
0.32608695652173925,0.07692307692307687,0.13888888888888884,0.07423580786026207,0.1208791208791209,0.056603773584905655,0.013071895424836555,0.9428571428571428,0.0,0.05714285714285716,0.010526315789473606,0.009592326139088725,0.1823899371069182,0.19736842105263153,0.9545454545454546,0.0975609756097561,0.20000000000000018,0.20000000000000018,1
0.43478260869565233,0.3846153846153846,0.625,0.1266375545851529,0.07692307692307687,0.1509433962264151,0.2810457516339868,0.5142857142857142,0.16666666666666674,0.4999999999999998,0.231578947368421,0.20023980815347722,0.35220125786163514,0.21052631578947367,0.5454545454545454,0.3170731707317073,0.2666666666666666,0.5,3
0.4782608695652173,0.5384615384615383,0.6666666666666665,0.2532751091703057,0.18681318681318682,0.16981132075471697,0.30718954248366015,0.48571428571428554,0.25,0.5571428571428572,0.2421052631578947,0.224220623501199,0.4779874213836477,0.1578947368421052,0.5454545454545454,0.3170731707317073,0.43333333333333357,0.5666666666666664,3
0.5869565217391304,0.46153846153846145,0.8333333333333333,0.4585152838427947,0.19780219780219777,0.11320754716981132,0.5816993464052287,0.17142857142857137,0.5,0.41428571428571437,0.531578947368421,0.511990407673861,0.5031446540880502,0.17105263157894735,0.2272727272727273,0.12195121951219512,0.43333333333333357,0.4666666666666668,1
0.7826086956521738,0.7692307692307694,0.9583333333333333,0.5109170305676856,0.2417582417582418,0.18867924528301888,0.7124183006535947,0.1428571428571428,0.6666666666666665,0.7285714285714284,0.5052631578947367,0.6330935251798561,0.6477987421383649,0.17105263157894735,0.5909090909090909,0.6829268292682927,0.40000000000000036,0.666666666666667,2
0.26086956521739135,0.3846153846153846,0.33333333333333326,0.10480349344978168,0.09890109890109888,0.11320754716981132,0.24836601307189543,0.5714285714285714,0.16666666666666674,0.3714285714285712,0.19999999999999996,0.16786570743405274,0.40251572327044016,0.3026315789473685,0.4090909090909091,0.34146341463414637,0.13333333333333375,0.09999999999999964,0
0.43478260869565233,0.6153846153846154,0.5416666666666665,0.3318777292576419,0.19780219780219777,0.09433962264150944,0.39869281045751626,0.3142857142857143,0.3333333333333335,0.5714285714285714,0.31052631578947365,0.33453237410071945,0.5345911949685536,0.14473684210526316,0.2272727272727273,0.24390243902439024,0.7000000000000002,0.7000000000000002,0
0.34782608695652173,0.15384615384615374,0.19444444444444442,0.06550218340611358,0.06593406593406592,0.056603773584905655,0.14379084967320255,0.6857142857142857,0.08333333333333348,0.12857142857142856,0.1105263157894737,0.09832134292565944,0.23270440251572322,0.26315789473684215,0.7272727272727273,0.34146341463414637,0.2666666666666666,0.13333333333333375,2
0.36956521739130443,0.5769230769230769,0.5277777777777777,0.16593886462882101,0.13186813186813184,0.16981132075471697,0.3137254901960784,0.48571428571428554,0.25,0.5999999999999999,0.22631578947368414,0.22302158273381292,0.4779874213836477,0.22368421052631582,0.4545454545454546,0.2682926829268293,0.2333333333333334,0.36666666666666714,3
0.4130434782608696,0.26923076923076916,0.5833333333333333,0.25764192139737996,0.17582417582417587,0.1320754716981132,0.2222222222222222,0.5428571428571427,0.16666666666666674,0.3142857142857143,0.1842105263157895,0.16187050359712227,0.17610062893081757,0.06578947368421051,0.4090909090909091,0.0,0.7666666666666666,0.833333333333333,3
0.36956521739130443,0.1153846153846152,0.23611111111111105,0.11353711790393017,0.10989010989010983,0.07547169811320756,0.05882352941176472,0.857142857142857,0.0,0.12857142857142856,0.0368421052631579,0.03836930455635493,0.14465408805031443,0.11842105263157887,1.0,0.5609756097560976,0.4666666666666668,0.4666666666666668,2
0.26086956521739135,0.46153846153846145,0.43055555555555547,0.20087336244541487,0.17582417582417587,0.11320754716981132,0.20261437908496727,0.5714285714285714,0.16666666666666674,0.41428571428571437,0.21578947368421053,0.1474820143884892,0.4402515723270439,0.17105263157894735,0.09090909090909091,0.07317073170731708,0.36666666666666714,0.5,3
0.36956521739130443,0.5,0.5555555555555556,0.17030567685589526,0.1648351648351648,0.16981132075471697,0.30718954248366015,0.48571428571428554,0.25,0.5428571428571429,0.20526315789473681,0.2182254196642686,0.4842767295597483,0.19736842105263153,0.7727272727272727,0.17073170731707318,0.3000000000000007,0.40000000000000036,3
0.34782608695652173,0.34615384615384603,0.41666666666666663,0.19213973799126638,0.1648351648351648,0.09433962264150944,0.2287581699346405,0.5428571428571427,0.16666666666666674,0.357142857142857,0.2421052631578947,0.16666666666666666,0.2767295597484276,0.22368421052631582,0.09090909090909091,0.14634146341463417,0.3333333333333339,0.2666666666666666,0
0.26086956521739135,0.3076923076923077,0.36111111111111105,0.222707423580786,0.19780219780219777,0.3773584905660377,0.24183006535947704,0.5428571428571427,0.16666666666666674,0.2999999999999998,0.22631578947368414,0.1750599520383693,0.28930817610062887,0.21052631578947367,0.2727272727272727,0.3902439024390244,0.2666666666666666,0.33333333333333304,0
0.5217391304347827,0.46153846153846145,0.6666666666666665,0.3013100436681223,0.21978021978021978,0.1509433962264151,0.2941176470588236,0.48571428571428554,0.25,0.5571428571428572,0.22631578947368414,0.21702637889688245,0.3018867924528301,0.10526315789473684,0.36363636363636365,0.29268292682926833,0.5333333333333341,0.6333333333333337,3
0.5869565217391304,0.5769230769230769,0.7638888888888888,0.4585152838427947,0.23076923076923073,0.09433962264150944,0.5686274509803921,0.17142857142857137,0.5,0.4571428571428571,0.4526315789473684,0.5047961630695443,0.5723270440251573,0.1842105263157895,0.3181818181818182,0.2682926829268293,0.5333333333333341,0.43333333333333357,0
0.5869565217391304,0.5,0.8888888888888888,0.3493449781659389,0.1428571428571429,0.1320754716981132,0.5555555555555556,0.22857142857142854,0.5,0.41428571428571437,0.48421052631578954,0.47242206235011985,0.5597484276729561,0.1842105263157895,0.5909090909090909,0.3170731707317073,0.43333333333333357,0.5333333333333332,2
0.28260869565217384,0.1153846153846152,0.5138888888888888,0.26637554585152845,0.1428571428571429,0.09433962264150944,0.24836601307189543,0.5428571428571427,0.16666666666666674,0.1428571428571428,0.231578947368421,0.17625899280575538,0.1383647798742138,0.09210526315789469,0.0,0.7804878048780488,0.666666666666667,0.7333333333333334,2
0.5217391304347827,0.34615384615384603,0.8472222222222221,0.3580786026200874,0.13186813186813184,0.1320754716981132,0.4836601307189543,0.2857142857142856,0.41666666666666674,0.2857142857142856,0.41052631578947374,0.3920863309352518,0.371069182389937,0.10526315789473684,0.3181818181818182,1.0,0.6000000000000005,0.833333333333333,2
0.5434782608695654,0.23076923076923062,0.38888888888888884,0.07423580786026207,0.02197802197802201,0.09433962264150944,0.14379084967320255,0.7142857142857142,0.08333333333333348,0.34285714285714275,0.17894736842105263,0.09232613908872903,0.1572327044025157,0.21052631578947367,0.18181818181818182,0.024390243902439025,0.3333333333333339,0.16666666666666696,3
0.6304347826086958,0.8076923076923077,0.8333333333333333,0.25764192139737996,0.06593406593406592,0.1509433962264151,0.6601307189542482,0.1428571428571428,0.5833333333333335,0.7857142857142858,0.46842105263157896,0.5815347721822541,0.578616352201258,0.22368421052631582,0.5454545454545454,0.6585365853658537,0.36666666666666714,0.4666666666666668,1
0.34782608695652173,0.5384615384615383,0.5972222222222221,0.9519650655021834,0.9450549450549451,0.8679245283018868,0.30065359477124187,0.48571428571428554,0.25,0.6428571428571426,0.5210526315789473,0.21582733812949637,0.42138364779874204,0.4999999999999999,0.0,0.34146341463414637,0.2666666666666666,0.43333333333333357,3
0.28260869565217384,0.5769230769230769,0.48611111111111094,0.13973799126637554,0.1208791208791209,0.1509433962264151,0.3202614379084967,0.48571428571428554,0.25,0.6428571428571426,0.21052631578947367,0.224220623501199,0.4779874213836477,0.21052631578947367,0.13636363636363635,0.024390243902439025,0.2333333333333334,0.36666666666666714,3
0.30434782608695654,0.34615384615384603,0.33333333333333326,0.20087336244541487,0.18681318681318682,0.1509433962264151,0.13725490196078427,0.6857142857142857,0.08333333333333348,0.34285714285714275,0.14210526315789473,0.09592326139088728,0.3144654088050314,0.10526315789473684,0.3181818181818182,0.024390243902439025,0.5666666666666673,0.666666666666667,3
0.32608695652173925,0.15384615384615374,0.3194444444444444,0.11353711790393017,0.1208791208791209,0.056603773584905655,0.08496732026143783,0.7999999999999998,0.08333333333333348,0.17142857142857126,0.05789473684210522,0.05515587529976021,0.2264150943396226,0.19736842105263153,0.6363636363636364,0.4878048780487805,0.2666666666666666,0.2333333333333334,2
0.3913043478260869,0.34615384615384603,0.5555555555555556,0.2532751091703057,0.20879120879120883,0.11320754716981132,0.23529411764705876,0.5142857142857142,0.16666666666666674,0.38571428571428545,0.21578947368421053,0.17625899280575538,0.23899371069182385,0.14473684210526316,0.13636363636363635,0.12195121951219512,0.43333333333333357,0.5999999999999996,3
0.36956521739130443,0.15384615384615374,0.5555555555555556,0.2925764192139738,0.1208791208791209,0.1320754716981132,0.2941176470588236,0.4571428571428571,0.25,0.19999999999999996,0.22105263157894728,0.22661870503597123,0.037735849056603765,0.013157894736842146,0.13636363636363635,0.43902439024390244,0.8333333333333339,0.9333333333333336,2
0.17391304347826098,0.34615384615384603,0.3194444444444444,0.09170305676855894,0.08791208791208793,0.11320754716981132,0.24183006535947704,0.5714285714285714,0.16666666666666674,0.38571428571428545,0.18947368421052624,0.16306954436450835,0.39622641509433953,0.35526315789473684,0.3181818181818182,0.17073170731707318,0.10000000000000053,0.033333333333333215,0
0.7173913043478262,0.6153846153846154,0.9305555555555554,0.39301310043668125,0.10989010989010983,0.16981132075471697,0.6666666666666667,0.1428571428571428,0.5833333333333335,0.6142857142857141,0.49473684210526303,0.5827338129496402,0.39622641509433953,0.10526315789473684,0.0,0.951219512195122,0.5333333333333341,0.833333333333333,1
0.4782608695652173,0.46153846153846145,0.5555555555555556,0.3580786026200874,0.1648351648351648,0.09433962264150944,0.33986928104575154,0.3999999999999999,0.25,0.38571428571428545,0.3052631578947368,0.26618705035971224,0.4339622641509433,0.07894736842105265,0.5,0.43902439024390244,0.7666666666666666,0.7666666666666666,1
0.652173913043478,0.8076923076923077,0.9305555555555554,0.49781659388646293,0.18681318681318682,0.18867924528301888,0.718954248366013,0.11428571428571421,0.6666666666666665,0.8,0.4789473684210527,0.6522781774580335,0.5660377358490567,0.10526315789473684,0.0,0.43902439024390244,0.43333333333333357,0.6333333333333337,1
0.5869565217391304,0.5,0.625,0.2620087336244542,0.18681318681318682,0.16981132075471697,0.33333333333333326,0.4571428571428571,0.25,0.6428571428571426,0.2421052631578947,0.24340527577937646,0.3836477987421383,0.1578947368421052,0.8181818181818182,0.0,0.43333333333333357,0.5,3
0.3913043478260869,0.26923076923076916,0.5,0.2925764192139738,0.21978021978021978,0.09433962264150944,0.24183006535947704,0.5142857142857142,0.16666666666666674,0.24285714285714288,0.20526315789473681,0.17745803357314147,0.22012578616352196,0.11842105263157887,0.18181818181818182,0.41463414634146345,0.5333333333333341,0.6333333333333337,0
0.36956521739130443,0.3846153846153846,0.4444444444444444,0.29694323144104806,0.13186813186813184,0.11320754716981132,0.27450980392156854,0.4571428571428571,0.16666666666666674,0.3714285714285712,0.231578947368421,0.21103117505995203,0.30817610062893075,0.02631578947368418,0.6818181818181819,0.21951219512195122,0.9000000000000004,0.9333333333333336,2
0.43478260869565233,0.1153846153846152,0.33333333333333326,0.26637554585152845,0.2417582417582418,0.11320754716981132,0.1568627450980392,0.657142857142857,0.08333333333333348,0.2571428571428571,0.16315789473684206,0.11390887290167864,0.1132075471698113,0.10526315789473684,0.09090909090909091,0.7073170731707318,0.5666666666666673,0.7666666666666666,3
0.6739130434782608,0.6538461538461537,0.7777777777777777,0.4672489082969432,0.19780219780219777,0.1509433962264151,0.4901960784313726,0.2571428571428571,0.41666666666666674,0.5428571428571429,0.4052631578947369,0.41127098321342925,0.5408805031446542,0.07894736842105265,0.13636363636363635,0.17073170731707318,0.6333333333333337,0.833333333333333,2
0.4565217391304346,0.42307692307692313,0.6111111111111109,0.48908296943231444,0.29670329670329676,0.07547169811320756,0.47058823529411753,0.2571428571428571,0.41666666666666674,0.38571428571428545,0.41052631578947374,0.4088729016786571,0.28301886792452824,0.1842105263157895,0.18181818181818182,0.5365853658536586,0.666666666666667,0.5333333333333332,0
0.43478260869565233,0.07692307692307687,0.4444444444444444,0.29694323144104806,0.1648351648351648,0.09433962264150944,0.24183006535947704,0.5142857142857142,0.16666666666666674,0.08571428571428563,0.20526315789473681,0.17985611510791363,0.10062893081761004,0.03947368421052633,0.2272727272727273,0.7317073170731707,0.9000000000000004,0.9666666666666668,1
0.7173913043478262,0.6153846153846154,0.9166666666666665,0.4672489082969432,0.18681318681318682,0.1320754716981132,0.6274509803921569,0.17142857142857137,0.5833333333333335,0.5714285714285714,0.49473684210526303,0.552757793764988,0.47169811320754707,0.11842105263157887,0.045454545454545456,0.5853658536585367,0.4666666666666668,0.7000000000000002,2
0.34782608695652173,0.26923076923076916,0.5416666666666665,0.21834061135371186,0.18681318681318682,0.1320754716981132,0.20915032679738554,0.5714285714285714,0.16666666666666674,0.2999999999999998,0.19999999999999996,0.15227817745803354,0.2515723270440251,0.1578947368421052,0.36363636363636365,0.17073170731707318,0.40000000000000036,0.5333333333333332,3
0.26086956521739135,0.1153846153846152,0.5277777777777777,0.19650655021834063,0.08791208791208793,0.09433962264150944,0.2287581699346405,0.5428571428571427,0.16666666666666674,0.1428571428571428,0.19999999999999996,0.1642685851318945,0.1572327044025157,0.06578947368421051,0.4545454545454546,0.5853658536585367,0.7000000000000002,0.7333333333333334,1
0.43478260869565233,0.34615384615384603,0.41666666666666663,0.11790393013100442,0.09890109890109888,0.09433962264150944,0.0980392156862745,0.7714285714285714,0.08333333333333348,0.38571428571428545,0.13684210526315788,0.0671462829736211,0.270440251572327,0.19736842105263153,0.2272727272727273,0.0975609756097561,0.43333333333333357,0.2999999999999998,3
0.30434782608695654,0.23076923076923062,0.4722222222222221,0.20960698689956336,0.1208791208791209,0.07547169811320756,0.2549019607843137,0.5142857142857142,0.16666666666666674,0.2571428571428571,0.231578947368421,0.18345323741007194,0.19496855345911945,0.14473684210526316,0.045454545454545456,0.8048780487804879,0.36666666666666714,0.5,2
0.19565217391304346,0.1923076923076923,0.18055555555555547,0.09170305676855894,0.13186813186813184,0.056603773584905655,0.13725490196078427,0.7142857142857142,0.08333333333333348,0.1428571428571428,0.11578947368421044,0.0899280575539568,0.23270440251572322,0.36842105263157887,0.0,0.0,0.0333333333333341,0.06666666666666643,1
0.7391304347826089,0.7307692307692306,0.8472222222222221,0.49781659388646293,0.18681318681318682,0.16981132075471697,0.588235294117647,0.19999999999999996,0.5,0.6571428571428573,0.46842105263157896,0.5107913669064749,0.5220125786163523,0.07894736842105265,0.7727272727272727,0.04878048780487805,0.7000000000000002,0.833333333333333,1
0.5434782608695654,0.23076923076923062,0.5694444444444444,0.3799126637554585,0.18681318681318682,0.1320754716981132,0.3529411764705883,0.3999999999999999,0.25,0.2857142857142856,0.28421052631578947,0.276978417266187,0.1383647798742138,0.03947368421052633,0.36363636363636365,0.4634146341463415,0.7000000000000002,0.7999999999999998,2
0.26086956521739135,0.26923076923076916,0.4444444444444444,0.15283842794759828,0.13186813186813184,0.056603773584905655,0.130718954248366,0.6857142857142857,0.08333333333333348,0.24285714285714288,0.15263157894736834,0.09112709832134294,0.25786163522012573,0.11842105263157887,0.13636363636363635,0.21951219512195122,0.5,0.4666666666666668,2
0.5434782608695654,0.8076923076923077,0.8888888888888888,0.3580786026200874,0.13186813186813184,0.1509433962264151,0.6601307189542482,0.17142857142857137,0.5833333333333335,0.7714285714285711,0.48947368421052617,0.5767386091127098,0.679245283018868,0.1842105263157895,0.045454545454545456,0.6341463414634146,0.3333333333333339,0.4666666666666668,1
0.652173913043478,0.8076923076923077,0.7083333333333333,0.32751091703056767,0.10989010989010983,0.16981132075471697,0.7058823529411764,0.1428571428571428,0.6666666666666665,0.7428571428571427,0.4736842105263158,0.6270983213429256,0.5597484276729561,0.17105263157894735,0.045454545454545456,0.7804878048780488,0.3333333333333339,0.5666666666666664,1
0.4130434782608696,0.1153846153846152,0.5277777777777777,0.26637554585152845,0.10989010989010983,0.11320754716981132,0.26797385620915026,0.48571428571428554,0.16666666666666674,0.1428571428571428,0.20526315789473681,0.197841726618705,0.09433962264150941,0.013157894736842146,0.18181818181818182,0.4634146341463415,0.9000000000000004,1.0,2
0.8043478260869565,0.6923076923076923,0.8888888888888888,0.3799126637554585,0.10989010989010983,0.18867924528301888,0.6601307189542482,0.1428571428571428,0.5833333333333335,0.6285714285714283,0.5052631578947367,0.5875299760191847,0.5094339622641508,0.11842105263157887,0.8181818181818182,0.04878048780487805,0.5,0.5999999999999996,2
0.19565217391304346,0.46153846153846145,0.38888888888888884,0.15283842794759828,0.18681318681318682,0.07547169811320756,0.2287581699346405,0.5714285714285714,0.16666666666666674,0.357142857142857,0.20526315789473681,0.16306954436450835,0.47169811320754707,0.2763157894736842,0.0,0.024390243902439025,0.16666666666666696,0.09999999999999964,0
0.5434782608695654,0.1923076923076923,0.41666666666666663,0.09170305676855894,0.05494505494505497,0.11320754716981132,0.11764705882352933,0.7714285714285714,0.08333333333333348,0.2999999999999998,0.14210526315789473,0.07074340527577935,0.14465408805031443,0.19736842105263153,0.0,0.3170731707317073,0.3333333333333339,0.13333333333333375,3
0.7608695652173911,0.6923076923076923,0.875,0.406113537117904,0.1428571428571429,0.16981132075471697,0.6470588235294117,0.1428571428571428,0.5833333333333335,0.5999999999999999,0.48421052631578954,0.5719424460431655,0.49056603773584895,0.10526315789473684,0.3181818181818182,0.07317073170731708,0.4666666666666668,0.6333333333333337,1
0.7173913043478262,0.8076923076923077,0.875,0.24890829694323147,0.0,0.03773584905660377,0.8823529411764706,0.02857142857142847,0.8333333333333335,0.6857142857142857,0.7157894736842104,0.8489208633093526,0.8364779874213837,0.3421052631578948,0.18181818181818182,0.2682926829268293,0.16666666666666696,0.06666666666666643,0
0.4565217391304346,0.46153846153846145,0.5694444444444444,0.2707423580786026,0.21978021978021978,0.1320754716981132,0.21568627450980393,0.5714285714285714,0.16666666666666674,0.41428571428571437,0.17894736842105263,0.15467625899280577,0.4402515723270439,0.09210526315789469,0.5,0.34146341463414637,0.6000000000000005,0.7000000000000002,3
0.5,0.6153846153846154,0.8055555555555554,0.36244541484716153,0.13186813186813184,0.07547169811320756,0.6601307189542482,0.1428571428571428,0.5833333333333335,0.48571428571428554,0.5157894736842105,0.5947242206235012,0.6352201257861636,0.23684210526315785,0.36363636363636365,0.6829268292682927,0.40000000000000036,0.2666666666666666,0
0.43478260869565233,0.5769230769230769,0.6111111111111109,0.20087336244541487,0.17582417582417587,0.16981132075471697,0.2875816993464051,0.5142857142857142,0.25,0.6714285714285715,0.21578947368421053,0.20383693045563547,0.4968553459119496,0.1842105263157895,0.36363636363636365,0.36585365853658536,0.3000000000000007,0.4666666666666668,3
0.23913043478260865,0.23076923076923062,0.6944444444444444,0.3318777292576419,0.1428571428571429,0.09433962264150944,0.4248366013071896,0.3142857142857143,0.3333333333333335,0.18571428571428572,0.4157894736842104,0.34172661870503596,0.2264150943396226,0.1578947368421052,0.18181818181818182,0.926829268292683,0.4666666666666668,0.5666666666666664,1
0.34782608695652173,0.42307692307692313,0.4444444444444444,0.24454148471615722,0.20879120879120883,0.09433962264150944,0.20915032679738554,0.5714285714285714,0.16666666666666674,0.41428571428571437,0.18947368421052624,0.15347721822541963,0.37735849056603765,0.13157894736842102,0.5,0.024390243902439025,0.5,0.5666666666666664,0
0.43478260869565233,0.15384615384615374,0.45833333333333326,0.30567685589519655,0.23076923076923073,0.09433962264150944,0.2549019607843137,0.48571428571428554,0.16666666666666674,0.18571428571428572,0.23684210526315785,0.19544364508393283,0.16352201257861632,0.11842105263157887,0.045454545454545456,0.5365853658536586,0.666666666666667,0.7999999999999998,0
0.34782608695652173,0.42307692307692313,0.41666666666666663,0.14410480349344978,0.1208791208791209,0.07547169811320756,0.1568627450980392,0.657142857142857,0.08333333333333348,0.40000000000000013,0.19999999999999996,0.10671462829736209,0.35849056603773577,0.2499999999999999,0.4545454545454546,0.07317073170731708,0.3333333333333339,0.20000000000000018,3
0.6304347826086958,0.8076923076923077,0.9166666666666665,0.5109170305676856,0.23076923076923073,0.16981132075471697,0.6209150326797386,0.17142857142857137,0.5833333333333335,0.6571428571428573,0.5157894736842105,0.5443645083932853,0.8113207547169812,0.1578947368421052,0.0,0.6341463414634146,0.43333333333333357,0.6333333333333337,2
0.10869565217391308,0.1153846153846152,0.2777777777777777,0.05240174672489084,0.09890109890109888,0.07547169811320756,0.07189542483660127,0.8285714285714285,0.0,0.08571428571428563,0.05789473684210522,0.044364508393285346,0.07547169811320753,0.2499999999999999,0.13636363636363635,0.3902439024390244,0.06666666666666732,0.13333333333333375,1
0.3913043478260869,0.34615384615384603,0.36111111111111105,0.2838427947598253,0.20879120879120883,0.09433962264150944,0.21568627450980393,0.5142857142857142,0.16666666666666674,0.3142857142857143,0.20526315789473681,0.16906474820143882,0.3144654088050314,0.10526315789473684,0.18181818181818182,0.0,0.8333333333333339,0.8666666666666663,0
0.23913043478260865,0.07692307692307687,0.18055555555555547,0.07860262008733632,0.10989010989010983,0.03773584905660377,0.02614379084967311,0.9428571428571428,0.0,0.0714285714285714,0.02631578947368418,0.014388489208633087,0.11949685534591192,0.22368421052631582,0.4545454545454546,0.6585365853658537,0.2333333333333334,0.2999999999999998,2
0.5869565217391304,0.3076923076923077,0.48611111111111094,0.44104803493449785,0.2637362637362638,0.056603773584905655,0.4183006535947713,0.2857142857142856,0.3333333333333335,0.2857142857142856,0.3894736842105263,0.3537170263788969,0.26415094339622636,0.17105263157894735,0.3181818181818182,0.4634146341463415,0.7000000000000002,0.5333333333333332,0
0.3913043478260869,0.34615384615384603,0.5694444444444444,0.388646288209607,0.2417582417582418,0.056603773584905655,0.37254901960784315,0.34285714285714275,0.25,0.27142857142857135,0.28421052631578947,0.2997601918465228,0.2955974842767295,0.11842105263157887,0.13636363636363635,0.5609756097560976,0.7333333333333334,0.7666666666666666,0
0.6086956521739131,0.6923076923076923,0.9027777777777777,0.47161572052401746,0.23076923076923073,0.1509433962264151,0.6339869281045751,0.17142857142857137,0.5833333333333335,0.6285714285714283,0.48421052631578954,0.5623501199040767,0.7232704402515724,0.1842105263157895,0.2272727272727273,0.5609756097560976,0.3333333333333339,0.4666666666666668,1
0.36956521739130443,0.1153846153846152,0.5277777777777777,0.32751091703056767,0.18681318681318682,0.11320754716981132,0.2941176470588236,0.4571428571428571,0.16666666666666674,0.11428571428571432,0.27368421052631575,0.21942446043165467,0.2075471698113207,0.09210526315789469,0.045454545454545456,0.4878048780487805,0.5333333333333341,0.5666666666666664,1
0.30434782608695654,0.26923076923076916,0.5694444444444444,0.2532751091703057,0.23076923076923073,0.1509433962264151,0.2222222222222222,0.5714285714285714,0.16666666666666674,0.2999999999999998,0.1947368421052631,0.1594724220623501,0.3018867924528301,0.14473684210526316,0.0,0.3170731707317073,0.43333333333333357,0.5999999999999996,3
0.43478260869565233,0.3846153846153846,0.5,0.19650655021834063,0.10989010989010983,0.09433962264150944,0.24183006535947704,0.5142857142857142,0.16666666666666674,0.357142857142857,0.22105263157894728,0.18105515587529972,0.42138364779874204,0.13157894736842102,0.6363636363636364,0.0,0.43333333333333357,0.43333333333333357,2
0.7391304347826089,0.846153846153846,0.8055555555555554,0.41484716157205237,0.13186813186813184,0.09433962264150944,0.8366013071895424,0.02857142857142847,0.75,0.7142857142857142,0.6736842105263158,0.8177458033573142,0.8553459119496856,0.2763157894736842,0.13636363636363635,0.024390243902439025,0.3333333333333339,0.09999999999999964,0
0.4130434782608696,0.15384615384615374,0.6388888888888888,0.27510917030567683,0.1428571428571429,0.09433962264150944,0.30065359477124187,0.4571428571428571,0.25,0.18571428571428572,0.2684210526315789,0.22661870503597123,0.22012578616352196,0.11842105263157887,0.4090909090909091,0.5121951219512195,0.4666666666666668,0.5,2
0.28260869565217384,0.3846153846153846,0.36111111111111105,0.11353711790393017,0.09890109890109888,0.09433962264150944,0.261437908496732,0.5142857142857142,0.16666666666666674,0.34285714285714275,0.24736842105263157,0.1870503597122302,0.40251572327044016,0.2894736842105262,0.2727272727272727,0.34146341463414637,0.16666666666666696,0.13333333333333375,0
0.7391304347826089,0.8846153846153848,0.8888888888888888,0.554585152838428,0.2637362637362638,0.16981132075471697,0.6993464052287581,0.1428571428571428,0.6666666666666665,0.7714285714285711,0.5052631578947367,0.6247002398081535,0.679245283018868,0.1578947368421052,0.8636363636363636,0.2682926829268293,0.43333333333333357,0.5,2
0.19565217391304346,0.42307692307692313,0.4444444444444444,0.20087336244541487,0.18681318681318682,0.09433962264150944,0.27450980392156854,0.5142857142857142,0.16666666666666674,0.3714285714285712,0.2684210526315789,0.19904076738609108,0.4276729559748427,0.2763157894736842,0.0,0.3902439024390244,0.2333333333333334,0.20000000000000018,0
0.19565217391304346,0.42307692307692313,0.4444444444444444,0.13973799126637554,0.15384615384615385,0.09433962264150944,0.2287581699346405,0.5714285714285714,0.16666666666666674,0.357142857142857,0.22631578947368414,0.1594724220623501,0.46540880503144644,0.2894736842105262,0.2727272727272727,0.41463414634146345,0.16666666666666696,0.13333333333333375,0
0.36956521739130443,0.1153846153846152,0.4722222222222221,0.2925764192139738,0.1428571428571429,0.11320754716981132,0.2941176470588236,0.4571428571428571,0.16666666666666674,0.1428571428571428,0.24736842105263157,0.21942446043165467,0.08805031446540879,0.02631578947368418,0.2727272727272727,0.5121951219512195,0.7000000000000002,0.7666666666666666,2
0.8260869565217392,0.8076923076923077,0.875,0.2925764192139738,0.03296703296703296,0.16981132075471697,0.7124183006535947,0.11428571428571421,0.6666666666666665,0.7714285714285711,0.5105263157894736,0.6510791366906474,0.578616352201258,0.13157894736842102,0.6818181818181819,0.14634146341463417,0.4666666666666668,0.5666666666666664,1
0.652173913043478,0.846153846153846,0.8333333333333333,0.39301310043668125,0.1648351648351648,0.16981132075471697,0.65359477124183,0.1428571428571428,0.5833333333333335,0.8142857142857143,0.45789473684210524,0.5779376498800959,0.6918238993710693,0.1842105263157895,0.4545454545454546,0.34146341463414637,0.36666666666666714,0.43333333333333357,1
0.30434782608695654,0.5384615384615383,0.5694444444444444,0.19650655021834063,0.1648351648351648,0.1320754716981132,0.2287581699346405,0.5428571428571427,0.16666666666666674,0.48571428571428554,0.21578947368421053,0.16906474820143882,0.4528301886792452,0.17105263157894735,0.0,0.14634146341463417,0.40000000000000036,0.5666666666666664,3
0.4130434782608696,0.5,0.5416666666666665,0.31441048034934505,0.18681318681318682,0.11320754716981132,0.326797385620915,0.4285714285714286,0.25,0.44285714285714284,0.2789473684210526,0.2541966426858513,0.4339622641509433,0.10526315789473684,0.09090909090909091,0.24390243902439024,0.5,0.5666666666666664,1
0.28260869565217384,0.5,0.41666666666666663,0.19650655021834063,0.19780219780219777,0.11320754716981132,0.24183006535947704,0.5428571428571427,0.16666666666666674,0.40000000000000013,0.21052631578947367,0.17625899280575538,0.4779874213836477,0.23684210526315785,0.2727272727272727,0.14634146341463417,0.2333333333333334,0.2333333333333334,0
0.6086956521739131,0.8846153846153848,0.8333333333333333,0.2794759825327511,0.08791208791208793,0.16981132075471697,0.6666666666666667,0.1428571428571428,0.5833333333333335,0.8142857142857143,0.46842105263157896,0.5959232613908872,0.7232704402515724,0.19736842105263153,0.09090909090909091,0.07317073170731708,0.3000000000000007,0.36666666666666714,1
0.4565217391304346,0.23076923076923062,0.6805555555555554,0.39301310043668125,0.1648351648351648,0.1320754716981132,0.392156862745098,0.34285714285714275,0.3333333333333335,0.24285714285714288,0.32105263157894737,0.31175059952038364,0.07547169811320753,0.05263157894736836,0.18181818181818182,0.5609756097560976,0.8333333333333339,0.9333333333333336,1
0.36956521739130443,0.3076923076923077,0.43055555555555547,0.2838427947598253,0.23076923076923073,0.09433962264150944,0.24836601307189543,0.5142857142857142,0.16666666666666674,0.2857142857142856,0.23684210526315785,0.18225419664268586,0.3018867924528301,0.1578947368421052,0.13636363636363635,0.43902439024390244,0.5333333333333341,0.5333333333333332,0
0.6739130434782608,0.6153846153846154,0.6805555555555554,0.2794759825327511,0.07692307692307687,0.03773584905660377,0.65359477124183,0.1428571428571428,0.5833333333333335,0.4999999999999998,0.5684210526315788,0.5971223021582733,0.5597484276729561,0.2499999999999999,0.045454545454545456,0.5609756097560976,0.4666666666666668,0.2666666666666666,0
0.34782608695652173,0.1153846153846152,0.4444444444444444,0.16157205240174677,0.09890109890109888,0.09433962264150944,0.16993464052287577,0.6285714285714286,0.08333333333333348,0.11428571428571432,0.17368421052631577,0.12230215827338128,0.13207547169811318,0.17105263157894735,0.045454545454545456,0.024390243902439025,0.36666666666666714,0.36666666666666714,1
0.36956521739130443,0.23076923076923062,0.6388888888888888,0.2838427947598253,0.1648351648351648,0.09433962264150944,0.326797385620915,0.4285714285714286,0.25,0.18571428571428572,0.33684210526315794,0.2446043165467626,0.23899371069182385,0.19736842105263153,0.045454545454545456,0.5365853658536586,0.3000000000000007,0.33333333333333304,1
0.23913043478260865,0.42307692307692313,0.5138888888888888,0.20087336244541487,0.13186813186813184,0.056603773584905655,0.261437908496732,0.5142857142857142,0.16666666666666674,0.357142857142857,0.23684210526315785,0.19184652278177458,0.4276729559748427,0.23684210526315785,0.36363636363636365,0.04878048780487805,0.2333333333333334,0.20000000000000018,2
0.6739130434782608,0.9230769230769231,0.875,0.48908296943231444,0.2417582417582418,0.16981132075471697,0.6993464052287581,0.11428571428571421,0.6666666666666665,0.8285714285714285,0.5157894736842105,0.6282973621103117,0.6918238993710693,0.1842105263157895,0.18181818181818182,0.07317073170731708,0.3333333333333339,0.5,1
0.21739130434782616,0.42307692307692313,0.38888888888888884,0.1746724890829694,0.15384615384615385,0.11320754716981132,0.2287581699346405,0.5428571428571427,0.16666666666666674,0.357142857142857,0.21052631578947367,0.16906474820143882,0.44654088050314455,0.19736842105263153,0.045454545454545456,0.024390243902439025,0.3000000000000007,0.33333333333333304,0
0.26086956521739135,0.23076923076923062,0.23611111111111105,0.09606986899563319,0.09890109890109888,0.07547169811320756,0.013071895424836555,0.9142857142857141,0.0,0.24285714285714288,0.021052631578947323,0.013189448441247004,0.2264150943396226,0.06578947368421051,0.7727272727272727,0.17073170731707318,0.7000000000000002,0.7000000000000002,3
0.5652173913043477,0.846153846153846,0.8472222222222221,0.4454148471615721,0.1648351648351648,0.20754716981132076,0.718954248366013,0.11428571428571421,0.6666666666666665,0.8857142857142855,0.4999999999999999,0.645083932853717,0.6540880503144655,0.1578947368421052,0.09090909090909091,0.07317073170731708,0.3333333333333339,0.5,1
0.32608695652173925,0.42307692307692313,0.625,0.15283842794759828,0.09890109890109888,0.16981132075471697,0.2941176470588236,0.48571428571428554,0.25,0.5285714285714287,0.2421052631578947,0.21462829736211028,0.4150943396226414,0.22368421052631582,0.2272727272727273,0.3902439024390244,0.2666666666666666,0.4666666666666668,3
0.5869565217391304,0.6538461538461537,0.5694444444444444,0.406113537117904,0.21978021978021978,0.07547169811320756,0.4836601307189543,0.22857142857142854,0.41666666666666674,0.5714285714285714,0.4,0.4160671462829736,0.5597484276729561,0.19736842105263153,0.2727272727272727,0.024390243902439025,0.7000000000000002,0.5666666666666664,0
0.17391304347826098,0.42307692307692313,0.4444444444444444,0.15283842794759828,0.1428571428571429,0.07547169811320756,0.26797385620915026,0.5142857142857142,0.16666666666666674,0.40000000000000013,0.26315789473684204,0.19544364508393283,0.4339622641509433,0.2894736842105262,0.045454545454545456,0.36585365853658536,0.20000000000000018,0.16666666666666696,0
0.28260869565217384,0.3076923076923077,0.36111111111111105,0.1266375545851529,0.09890109890109888,0.07547169811320756,0.1568627450980392,0.657142857142857,0.08333333333333348,0.2571428571428571,0.13157894736842102,0.10791366906474817,0.33333333333333326,0.19736842105263153,0.2272727272727273,0.34146341463414637,0.2333333333333334,0.2666666666666666,2
0.43478260869565233,0.3076923076923077,0.5416666666666665,0.24017467248908297,0.17582417582417587,0.11320754716981132,0.20915032679738554,0.5714285714285714,0.16666666666666674,0.4571428571428571,0.1842105263157895,0.14988009592326137,0.1572327044025157,0.10526315789473684,0.18181818181818182,0.21951219512195122,0.6333333333333337,0.7333333333333334,3
0.7391304347826089,0.8076923076923077,0.8055555555555554,0.46288209606986896,0.20879120879120883,0.16981132075471697,0.6928104575163399,0.1428571428571428,0.5833333333333335,0.7285714285714284,0.4789473684210527,0.6235011990407674,0.6729559748427674,0.1578947368421052,0.6363636363636364,0.0,0.40000000000000036,0.5333333333333332,2
0.4565217391304346,0.07692307692307687,0.36111111111111105,0.18777292576419213,0.1648351648351648,0.1320754716981132,0.12418300653594772,0.6857142857142857,0.08333333333333348,0.12857142857142856,0.15263157894736834,0.08872901678657072,0.037735849056603765,0.09210526315789469,0.36363636363636365,0.17073170731707318,0.666666666666667,0.666666666666667,3
0.28260869565217384,0.3076923076923077,0.33333333333333326,0.19213973799126638,0.15384615384615385,0.056603773584905655,0.24836601307189543,0.5428571428571427,0.16666666666666674,0.2857142857142856,0.1842105263157895,0.17865707434052755,0.40251572327044016,0.2763157894736842,0.2272727272727273,0.1951219512195122,0.20000000000000018,0.13333333333333375,2
0.26086956521739135,0.07692307692307687,0.09722222222222221,0.02620087336244542,0.08791208791208793,0.01886792452830189,0.0326797385620915,0.8857142857142857,0.0,0.05714285714285716,0.03157894736842104,0.02278177458033573,0.18867924528301883,0.39473684210526316,0.2272727272727273,0.21951219512195122,0.13333333333333375,0.09999999999999964,3
0.26086956521739135,0.0,0.0,0.048034934497816595,0.10989010989010983,0.01886792452830189,0.0,1.0,0.0,0.014285714285714235,0.0,0.0,0.1132075471698113,0.35526315789473684,0.5454545454545454,0.5121951219512195,0.16666666666666696,0.06666666666666643,2
0.17391304347826098,0.42307692307692313,0.38888888888888884,0.06986899563318782,0.06593406593406592,0.07547169811320756,0.2549019607843137,0.5428571428571427,0.16666666666666674,0.41428571428571437,0.21052631578947367,0.17865707434052755,0.4339622641509433,0.35526315789473684,0.18181818181818182,0.12195121951219512,0.10000000000000053,0.06666666666666643,0
0.5869565217391304,0.7307692307692306,0.8888888888888888,0.37117903930131,0.13186813186813184,0.1509433962264151,0.6274509803921569,0.17142857142857137,0.5833333333333335,0.6428571428571426,0.4736842105263158,0.5491606714628298,0.5534591194968554,0.14473684210526316,0.045454545454545456,0.5365853658536586,0.36666666666666714,0.5666666666666664,2
0.43478260869565233,0.34615384615384603,0.33333333333333326,0.23580786026200873,0.23076923076923073,0.1320754716981132,0.14379084967320255,0.657142857142857,0.08333333333333348,0.34285714285714275,0.17368421052631577,0.10071942446043167,0.3836477987421383,0.1578947368421052,0.3181818181818182,0.3170731707317073,0.5333333333333341,0.666666666666667,3
0.36956521739130443,0.5769230769230769,0.5277777777777777,0.13100436681222705,0.09890109890109888,0.16981132075471697,0.3137254901960784,0.48571428571428554,0.25,0.7,0.20526315789473681,0.2182254196642686,0.4779874213836477,0.22368421052631582,0.045454545454545456,0.34146341463414637,0.20000000000000018,0.36666666666666714,3
0.5,0.15384615384615374,0.4722222222222221,0.41484716157205237,0.29670329670329676,0.056603773584905655,0.3464052287581698,0.37142857142857144,0.25,0.1428571428571428,0.3052631578947368,0.28177458033573144,0.16981132075471694,0.17105263157894735,0.045454545454545456,0.07317073170731708,0.666666666666667,0.6333333333333337,0
0.26086956521739135,0.46153846153846145,0.3472222222222221,0.10480349344978168,0.09890109890109888,0.11320754716981132,0.2549019607843137,0.5428571428571427,0.16666666666666674,0.38571428571428545,0.21052631578947367,0.17745803357314147,0.4842767295597483,0.2894736842105262,0.045454545454545456,0.24390243902439024,0.10000000000000053,0.09999999999999964,0
0.5869565217391304,0.846153846153846,0.8472222222222221,0.37117903930131,0.10989010989010983,0.1509433962264151,0.718954248366013,0.11428571428571421,0.6666666666666665,0.8428571428571427,0.4999999999999999,0.6558752997601919,0.6415094339622642,0.1578947368421052,0.3181818181818182,0.41463414634146345,0.40000000000000036,0.5333333333333332,1
0.13043478260869557,0.5384615384615383,0.4722222222222221,0.16157205240174677,0.15384615384615385,0.09433962264150944,0.26797385620915026,0.48571428571428554,0.16666666666666674,0.44285714285714284,0.23684210526315785,0.197841726618705,0.5660377358490567,0.23684210526315785,0.2727272727272727,0.24390243902439024,0.2333333333333334,0.2666666666666666,0
0.34782608695652173,0.1153846153846152,0.5138888888888888,0.29694323144104806,0.1648351648351648,0.11320754716981132,0.2941176470588236,0.4571428571428571,0.16666666666666674,0.09999999999999987,0.231578947368421,0.21942446043165467,0.10691823899371067,0.05263157894736836,0.2272727272727273,0.5365853658536586,0.7333333333333334,0.7999999999999998,1
0.43478260869565233,0.46153846153846145,0.45833333333333326,0.2620087336244542,0.13186813186813184,0.09433962264150944,0.30718954248366015,0.4571428571428571,0.25,0.40000000000000013,0.27368421052631575,0.23381294964028773,0.4968553459119496,0.07894736842105265,0.5,0.36585365853658536,0.6333333333333337,0.666666666666667,1
0.26086956521739135,0.34615384615384603,0.26388888888888884,0.12227074235807867,0.1208791208791209,0.09433962264150944,0.24183006535947704,0.5714285714285714,0.16666666666666674,0.3714285714285712,0.18947368421052624,0.16306954436450835,0.39622641509433953,0.3157894736842105,0.36363636363636365,0.0975609756097561,0.10000000000000053,0.033333333333333215,0
0.6086956521739131,0.846153846153846,0.9444444444444444,0.5414847161572053,0.2417582417582418,0.18867924528301888,0.673202614379085,0.1428571428571428,0.5833333333333335,0.7142857142857142,0.5210526315789473,0.5995203836930455,0.6603773584905661,0.1578947368421052,0.09090909090909091,0.3902439024390244,0.40000000000000036,0.5999999999999996,2
0.43478260869565233,0.3076923076923077,0.48611111111111094,0.0873362445414847,0.04395604395604391,0.09433962264150944,0.18300653594771243,0.657142857142857,0.08333333333333348,0.3285714285714285,0.17894736842105263,0.11990407673860912,0.2515723270440251,0.23684210526315785,0.2272727272727273,0.36585365853658536,0.2666666666666666,0.13333333333333375,3
0.4782608695652173,0.1153846153846152,0.45833333333333326,0.3799126637554585,0.2857142857142857,0.07547169811320756,0.2875816993464051,0.4285714285714286,0.16666666666666674,0.11428571428571432,0.28421052631578947,0.2278177458033573,0.09433962264150941,0.1578947368421052,0.09090909090909091,0.4634146341463415,0.7666666666666666,0.7666666666666666,0
0.3913043478260869,0.23076923076923062,0.5972222222222221,0.31441048034934505,0.13186813186813184,0.09433962264150944,0.37254901960784315,0.37142857142857144,0.25,0.19999999999999996,0.3157894736842105,0.290167865707434,0.2075471698113207,0.10526315789473684,0.0,0.5853658536585367,0.5333333333333341,0.5999999999999996,2
0.652173913043478,0.846153846153846,0.875,0.4672489082969432,0.19780219780219777,0.16981132075471697,0.65359477124183,0.1428571428571428,0.5833333333333335,0.6714285714285715,0.5210526315789473,0.5863309352517986,0.8805031446540881,0.17105263157894735,0.2272727272727273,0.3902439024390244,0.40000000000000036,0.5,1
0.26086956521739135,0.038461538461538325,0.18055555555555547,0.10043668122270744,0.1208791208791209,0.07547169811320756,0.02614379084967311,0.9142857142857141,0.0,0.042857142857142705,0.0368421052631579,0.015587529976019171,0.1132075471698113,0.14473684210526316,0.13636363636363635,0.4878048780487805,0.3000000000000007,0.2666666666666666,2
0.4782608695652173,0.1923076923076923,0.36111111111111105,0.09606986899563319,0.05494505494505497,0.11320754716981132,0.13725490196078427,0.7428571428571429,0.08333333333333348,0.3142857142857143,0.1473684210526316,0.0827338129496403,0.19496855345911945,0.2499999999999999,0.5,0.1951219512195122,0.2666666666666666,0.06666666666666643,3
0.6739130434782608,0.9615384615384615,0.875,0.5502183406113537,0.2417582417582418,0.16981132075471697,0.6993464052287581,0.11428571428571421,0.6666666666666665,0.8285714285714285,0.531578947368421,0.6378896882494005,0.8616352201257862,0.1578947368421052,0.3181818181818182,0.0975609756097561,0.36666666666666714,0.5,1
0.23913043478260865,0.42307692307692313,0.5555555555555556,0.15720524017467252,0.1208791208791209,0.16981132075471697,0.2875816993464051,0.5142857142857142,0.25,0.5571428571428572,0.18947368421052624,0.197841726618705,0.42138364779874204,0.19736842105263153,0.2272727272727273,0.41463414634146345,0.2333333333333334,0.40000000000000036,3
0.4565217391304346,0.3846153846153846,0.38888888888888884,0.28820960698689957,0.21978021978021978,0.07547169811320756,0.196078431372549,0.5714285714285714,0.08333333333333348,0.34285714285714275,0.17894736842105263,0.15107913669064746,0.4276729559748427,0.07894736842105265,0.4545454545454546,0.1951219512195122,0.7333333333333334,0.7333333333333334,0
0.43478260869565233,0.5384615384615383,0.625,0.24890829694323147,0.19780219780219777,0.18867924528301888,0.2810457516339868,0.48571428571428554,0.16666666666666674,0.5571428571428572,0.2578947368421052,0.20383693045563547,0.4339622641509433,0.22368421052631582,0.09090909090909091,0.21951219512195122,0.2666666666666666,0.5,3
0.847826086956522,0.6538461538461537,0.9722222222222221,0.3580786026200874,0.09890109890109888,0.16981132075471697,0.6666666666666667,0.1428571428571428,0.5833333333333335,0.5857142857142856,0.5368421052631579,0.5899280575539568,0.5911949685534592,0.1578947368421052,0.8181818181818182,0.6585365853658537,0.5,0.7000000000000002,2
0.3913043478260869,0.1153846153846152,0.5138888888888888,0.23144104803493448,0.09890109890109888,0.09433962264150944,0.2810457516339868,0.4571428571428571,0.16666666666666674,0.11428571428571432,0.24736842105263157,0.21223021582733811,0.08805031446540879,0.07894736842105265,0.36363636363636365,0.36585365853658536,0.6333333333333337,0.666666666666667,2
0.5652173913043477,0.5769230769230769,0.8888888888888888,0.40174672489082974,0.17582417582417587,0.1509433962264151,0.5816993464052287,0.19999999999999996,0.5,0.48571428571428554,0.4789473684210527,0.5035971223021583,0.5660377358490567,0.1842105263157895,0.36363636363636365,0.0975609756097561,0.40000000000000036,0.5333333333333332,2
0.5434782608695654,0.9615384615384615,0.8472222222222221,0.4541484716157205,0.19780219780219777,0.18867924528301888,0.7450980392156863,0.11428571428571421,0.6666666666666665,0.9142857142857144,0.4999999999999999,0.6762589928057554,0.6729559748427674,0.1578947368421052,0.2727272727272727,0.024390243902439025,0.3000000000000007,0.5,1
0.21739130434782616,0.15384615384615374,0.19444444444444442,0.06113537117903933,0.08791208791208793,0.03773584905660377,0.11111111111111105,0.7428571428571429,0.08333333333333348,0.12857142857142856,0.0842105263157894,0.07314148681055158,0.19496855345911945,0.2894736842105262,0.18181818181818182,0.3170731707317073,0.13333333333333375,0.09999999999999964,2
0.3913043478260869,0.23076923076923062,0.6666666666666665,0.37117903930131,0.17582417582417587,0.1320754716981132,0.4117647058823528,0.34285714285714275,0.3333333333333335,0.19999999999999996,0.3526315789473683,0.32733812949640284,0.2955974842767295,0.13157894736842102,0.0,0.5609756097560976,0.5,0.5666666666666664,2
0.34782608695652173,0.26923076923076916,0.2777777777777777,0.11790393013100442,0.09890109890109888,0.07547169811320756,0.039215686274509776,0.857142857142857,0.0,0.27142857142857135,0.06842105263157894,0.029976019184652286,0.2767295597484276,0.07894736842105265,0.4545454545454546,0.1951219512195122,0.5666666666666673,0.5999999999999996,3
0.34782608695652173,0.07692307692307687,0.41666666666666663,0.14847161572052403,0.1208791208791209,0.09433962264150944,0.09150326797385622,0.7714285714285714,0.0,0.1428571428571428,0.08947368421052626,0.0635491606714628,0.018867924528301883,0.06578947368421051,0.18181818181818182,0.4634146341463415,0.7666666666666666,0.8666666666666663,3
0.652173913043478,0.6153846153846154,0.8333333333333333,0.39301310043668125,0.1428571428571429,0.1509433962264151,0.47712418300653603,0.2571428571428571,0.41666666666666674,0.5999999999999999,0.3789473684210526,0.4004796163069544,0.4339622641509433,0.03947368421052633,0.5909090909090909,0.1951219512195122,0.7333333333333334,0.9000000000000004,2
0.15217391304347827,0.46153846153846145,0.43055555555555547,0.10480349344978168,0.09890109890109888,0.09433962264150944,0.2549019607843137,0.5428571428571427,0.16666666666666674,0.41428571428571437,0.21578947368421053,0.18345323741007194,0.42138364779874204,0.26315789473684215,0.13636363636363635,0.3902439024390244,0.16666666666666696,0.20000000000000018,0
0.28260869565217384,0.34615384615384603,0.3472222222222221,0.05240174672489084,0.06593406593406592,0.07547169811320756,0.261437908496732,0.5428571428571427,0.16666666666666674,0.3285714285714285,0.23684210526315785,0.18105515587529972,0.39622641509433953,0.3421052631578948,0.2272727272727273,0.0975609756097561,0.10000000000000053,0.06666666666666643,0
0.5869565217391304,0.5,0.5694444444444444,0.36244541484716153,0.15384615384615385,0.1320754716981132,0.3529411764705883,0.3999999999999999,0.25,0.514285714285714,0.31052631578947365,0.276978417266187,0.4150943396226414,0.05263157894736836,0.5909090909090909,0.21951219512195122,0.7333333333333334,0.8666666666666663,2
0.21739130434782616,0.15384615384615374,0.30555555555555547,0.03930131004366816,0.06593406593406592,0.07547169811320756,0.065359477124183,0.8285714285714285,0.0,0.15714285714285703,0.06842105263157894,0.040767386091127095,0.16352201257861632,0.26315789473684215,0.0,0.17073170731707318,0.16666666666666696,0.13333333333333375,3
0.19565217391304346,0.46153846153846145,0.38888888888888884,0.20087336244541487,0.2417582417582418,0.056603773584905655,0.23529411764705876,0.5428571428571427,0.16666666666666674,0.3714285714285712,0.20526315789473681,0.16546762589928057,0.47169811320754707,0.2763157894736842,0.2272727272727273,0.0,0.16666666666666696,0.09999999999999964,0
0.43478260869565233,0.5384615384615383,0.6666666666666665,0.4192139737991266,0.20879120879120883,0.09433962264150944,0.39869281045751626,0.34285714285714275,0.3333333333333335,0.4714285714285713,0.3526315789473683,0.3213429256594724,0.6037735849056605,0.09210526315789469,0.0,0.07317073170731708,0.6333333333333337,0.7000000000000002,2
0.3913043478260869,0.3846153846153846,0.6666666666666665,0.23144104803493448,0.15384615384615385,0.1320754716981132,0.24183006535947704,0.5428571428571427,0.16666666666666674,0.5571428571428572,0.1842105263157895,0.1702637889688249,0.19496855345911945,0.06578947368421051,0.045454545454545456,0.6341463414634146,0.7000000000000002,0.8666666666666663,3
0.5,0.46153846153846145,0.5555555555555556,0.2532751091703057,0.17582417582417587,0.1320754716981132,0.2222222222222222,0.5714285714285714,0.16666666666666674,0.4285714285714286,0.16315789473684206,0.15827338129496402,0.32704402515723263,0.06578947368421051,0.2272727272727273,0.24390243902439024,0.7666666666666666,0.8666666666666663,3
0.7391304347826089,0.9230769230769231,0.9166666666666665,0.32751091703056767,0.04395604395604391,0.11320754716981132,0.9477124183006536,0.0,0.9166666666666665,0.7714285714285711,0.7631578947368421,0.9232613908872902,0.7735849056603774,0.3157894736842105,0.09090909090909091,0.4878048780487805,0.16666666666666696,0.09999999999999964,0
0.30434782608695654,0.42307692307692313,0.41666666666666663,0.32751091703056767,0.3076923076923077,0.07547169811320756,0.2222222222222222,0.5428571428571427,0.16666666666666674,0.3285714285714285,0.1947368421052631,0.1702637889688249,0.4339622641509433,0.13157894736842102,0.2727272727272727,0.024390243902439025,0.6000000000000005,0.666666666666667,0
0.28260869565217384,0.3076923076923077,0.36111111111111105,0.10917030567685593,0.08791208791208793,0.09433962264150944,0.15032679738562083,0.6857142857142857,0.08333333333333348,0.2571428571428571,0.12631578947368416,0.09832134292565944,0.35220125786163514,0.19736842105263153,0.13636363636363635,0.0975609756097561,0.13333333333333375,0.20000000000000018,1
0.7826086956521738,0.8076923076923077,0.9583333333333333,0.5283842794759825,0.23076923076923073,0.16981132075471697,0.6666666666666667,0.1428571428571428,0.5833333333333335,0.7285714285714284,0.5052631578947367,0.5887290167865707,0.6477987421383649,0.11842105263157887,0.5,0.7804878048780488,0.43333333333333357,0.7000000000000002,2
0.4565217391304346,0.15384615384615374,0.45833333333333326,0.3580786026200874,0.2637362637362638,0.09433962264150944,0.27450980392156854,0.4571428571428571,0.16666666666666674,0.12857142857142856,0.21578947368421053,0.2134292565947242,0.14465408805031443,0.10526315789473684,0.09090909090909091,0.1951219512195122,0.7000000000000002,0.833333333333333,0
0.5869565217391304,0.42307692307692313,0.7361111111111109,0.388646288209607,0.1648351648351648,0.11320754716981132,0.4836601307189543,0.2571428571428571,0.41666666666666674,0.41428571428571437,0.3789473684210526,0.40407673860911275,0.26415094339622636,0.09210526315789469,0.0,0.04878048780487805,0.5666666666666673,0.5666666666666664,1
0.19565217391304346,0.3846153846153846,0.45833333333333326,0.21834061135371186,0.19780219780219777,0.09433962264150944,0.2549019607843137,0.5142857142857142,0.16666666666666674,0.357142857142857,0.25263157894736843,0.18824940047961627,0.320754716981132,0.22368421052631582,0.2272727272727273,0.2682926829268293,0.3000000000000007,0.2666666666666666,0
0.28260869565217384,0.5,0.45833333333333326,0.09170305676855894,0.10989010989010983,0.07547169811320756,0.2549019607843137,0.5428571428571427,0.16666666666666674,0.41428571428571437,0.21052631578947367,0.17985611510791363,0.4968553459119496,0.3026315789473685,0.4090909090909091,0.2682926829268293,0.13333333333333375,0.09999999999999964,0
0.9347826086956523,0.7692307692307694,0.9722222222222221,0.554585152838428,0.21978021978021978,0.18867924528301888,0.6862745098039216,0.1428571428571428,0.5833333333333335,0.6714285714285715,0.531578947368421,0.6091127098321343,0.7106918238993711,0.10526315789473684,0.7272727272727273,0.6829268292682927,0.5333333333333341,0.833333333333333,2
0.34782608695652173,0.5,0.5138888888888888,0.09170305676855894,0.05494505494505497,0.1509433962264151,0.2875816993464051,0.5142857142857142,0.25,0.5999999999999999,0.21578947368421053,0.20023980815347722,0.4276729559748427,0.2499999999999999,0.3181818181818182,0.41463414634146345,0.2333333333333334,0.33333333333333304,3
0.34782608695652173,0.5769230769230769,0.625,0.37117903930131,0.18681318681318682,0.11320754716981132,0.37254901960784315,0.37142857142857144,0.25,0.4999999999999998,0.3052631578947368,0.2913669064748201,0.5094339622641508,0.06578947368421051,0.7272727272727273,0.12195121951219512,0.6333333333333337,0.666666666666667,2
0.32608695652173925,0.3846153846153846,0.6111111111111109,0.13973799126637554,0.08791208791208793,0.16981132075471697,0.27450980392156854,0.5142857142857142,0.16666666666666674,0.4571428571428571,0.231578947368421,0.19904076738609108,0.3459119496855345,0.1842105263157895,0.2727272727272727,0.04878048780487805,0.3000000000000007,0.5,3
0.5,0.5384615384615383,0.875,0.4847161572052402,0.2417582417582418,0.1509433962264151,0.5751633986928104,0.19999999999999996,0.5,0.41428571428571437,0.4736842105263158,0.49640287769784175,0.5723270440251573,0.1842105263157895,0.2727272727272727,0.14634146341463417,0.36666666666666714,0.43333333333333357,1
0.32608695652173925,0.15384615384615374,0.23611111111111105,0.12227074235807867,0.1648351648351648,0.07547169811320756,0.15032679738562083,0.6857142857142857,0.08333333333333348,0.09999999999999987,0.1105263157894737,0.09712230215827336,0.22012578616352196,0.3157894736842105,0.7272727272727273,0.3902439024390244,0.13333333333333375,0.09999999999999964,2
0.5434782608695654,0.1923076923076923,0.36111111111111105,0.11353711790393017,0.08791208791208793,0.09433962264150944,0.11764705882352933,0.7142857142857142,0.08333333333333348,0.2857142857142856,0.1578947368421052,0.08033573141486808,0.08805031446540879,0.13157894736842102,0.13636363636363635,0.29268292682926833,0.5,0.43333333333333357,3
0.34782608695652173,0.46153846153846145,0.5694444444444444,0.6200873362445414,0.6043956043956044,0.7735849056603773,0.2810457516339868,0.5142857142857142,0.25,0.5999999999999999,0.36842105263157887,0.19544364508393283,0.4276729559748427,0.4078947368421052,0.4090909090909091,0.41463414634146345,0.2333333333333334,0.36666666666666714,3
0.30434782608695654,0.34615384615384603,0.5,0.24017467248908297,0.19780219780219777,0.056603773584905655,0.2810457516339868,0.4571428571428571,0.16666666666666674,0.2857142857142856,0.28421052631578947,0.2134292565947242,0.3018867924528301,0.22368421052631582,0.2727272727272727,0.29268292682926833,0.43333333333333357,0.40000000000000036,0
0.43478260869565233,0.1153846153846152,0.3194444444444444,0.15283842794759828,0.10989010989010983,0.11320754716981132,0.130718954248366,0.6857142857142857,0.08333333333333348,0.2571428571428571,0.1473684210526316,0.09112709832134294,0.07547169811320753,0.10526315789473684,0.13636363636363635,0.6585365853658537,0.5666666666666673,0.666666666666667,3
0.7826086956521738,0.846153846153846,0.8611111111111109,0.2838427947598253,0.04395604395604391,0.07547169811320756,0.8431372549019607,0.02857142857142847,0.75,0.6714285714285715,0.7105263157894736,0.8225419664268585,0.8679245283018868,0.32894736842105254,0.4545454545454546,0.2682926829268293,0.2666666666666666,0.06666666666666643,0
0.36956521739130443,0.1923076923076923,0.48611111111111094,0.2620087336244542,0.18681318681318682,0.09433962264150944,0.2549019607843137,0.48571428571428554,0.16666666666666674,0.18571428571428572,0.19999999999999996,0.19304556354916066,0.18867924528301883,0.09210526315789469,0.0,0.0,0.6333333333333337,0.7666666666666666,0
0.5434782608695654,0.7307692307692306,0.6388888888888888,0.44978165938864634,0.2417582417582418,0.056603773584905655,0.522875816993464,0.19999999999999996,0.41666666666666674,0.6142857142857141,0.43157894736842095,0.4628297362110312,0.7044025157232705,0.21052631578947367,0.18181818181818182,0.14634146341463417,0.6000000000000005,0.4666666666666668,0
0.19565217391304346,0.15384615384615374,0.36111111111111105,0.09606986899563319,0.07692307692307687,0.09433962264150944,0.130718954248366,0.7428571428571429,0.08333333333333348,0.12857142857142856,0.09473684210526312,0.08153477218225416,0.2075471698113207,0.17105263157894735,0.7727272727272727,0.17073170731707318,0.2333333333333334,0.20000000000000018,2
0.3913043478260869,0.26923076923076916,0.8055555555555554,0.38427947598253276,0.18681318681318682,0.1320754716981132,0.4248366013071896,0.34285714285714275,0.3333333333333335,0.24285714285714288,0.33684210526315794,0.3369304556354916,0.35220125786163514,0.09210526315789469,0.4090909090909091,0.8536585365853658,0.6333333333333337,0.7999999999999998,2
0.5434782608695654,0.26923076923076916,0.5138888888888888,0.2925764192139738,0.15384615384615385,0.07547169811320756,0.392156862745098,0.3142857142857143,0.3333333333333335,0.2999999999999998,0.3526315789473683,0.32733812949640284,0.20125786163522008,0.17105263157894735,0.18181818181818182,0.41463414634146345,0.7666666666666666,0.666666666666667,0
0.43478260869565233,0.3846153846153846,0.5277777777777777,0.2707423580786026,0.13186813186813184,0.09433962264150944,0.2549019607843137,0.5142857142857142,0.16666666666666674,0.3285714285714285,0.27368421052631575,0.18944844124700236,0.4088050314465408,0.11842105263157887,0.6818181818181819,0.04878048780487805,0.5666666666666673,0.5333333333333332,1
0.4565217391304346,0.15384615384615374,0.4444444444444444,0.388646288209607,0.27472527472527475,0.07547169811320756,0.30065359477124187,0.4285714285714286,0.16666666666666674,0.2142857142857142,0.28421052631578947,0.2410071942446043,0.1132075471698113,0.14473684210526316,0.0,0.34146341463414637,0.8000000000000007,0.7666666666666666,0
0.34782608695652173,0.1153846153846152,0.38888888888888884,0.19650655021834063,0.1428571428571429,0.11320754716981132,0.13725490196078427,0.6857142857142857,0.08333333333333348,0.22857142857142843,0.1210526315789473,0.09712230215827336,0.06289308176100628,0.03947368421052633,0.2727272727272727,0.43902439024390244,0.8333333333333339,0.9333333333333336,3
0.26086956521739135,0.46153846153846145,0.41666666666666663,0.11353711790393017,0.1208791208791209,0.11320754716981132,0.2549019607843137,0.5428571428571427,0.16666666666666674,0.40000000000000013,0.21578947368421053,0.17985611510791363,0.49056603773584895,0.26315789473684215,0.09090909090909091,0.12195121951219512,0.16666666666666696,0.16666666666666696,0
0.28260869565217384,0.46153846153846145,0.45833333333333326,0.20960698689956336,0.17582417582417587,0.07547169811320756,0.24183006535947704,0.5142857142857142,0.16666666666666674,0.38571428571428545,0.21052631578947367,0.18105515587529972,0.42138364779874204,0.1578947368421052,0.2727272727272727,0.024390243902439025,0.43333333333333357,0.5,0
0.7391304347826089,0.7307692307692306,0.875,0.3580786026200874,0.10989010989010983,0.16981132075471697,0.6666666666666667,0.1428571428571428,0.5833333333333335,0.6285714285714283,0.45789473684210524,0.5899280575539568,0.5031446540880502,0.09210526315789469,0.2727272727272727,0.12195121951219512,0.43333333333333357,0.5666666666666664,1
0.7826086956521738,0.6923076923076923,0.8333333333333333,0.406113537117904,0.13186813186813184,0.1509433962264151,0.522875816993464,0.22857142857142854,0.41666666666666674,0.6142857142857141,0.42105263157894723,0.44244604316546765,0.5408805031446542,0.06578947368421051,0.6363636363636364,0.07317073170731708,0.666666666666667,0.7000000000000002,1
0.36956521739130443,0.6538461538461537,0.6944444444444444,0.3668122270742358,0.15384615384615385,0.1509433962264151,0.4509803921568627,0.2857142857142856,0.3333333333333335,0.5714285714285714,0.4263157894736841,0.3693045563549161,0.6981132075471699,0.13157894736842102,0.2727272727272727,0.4634146341463415,0.5,0.5999999999999996,2
0.43478260869565233,0.46153846153846145,0.5972222222222221,0.16593886462882101,0.09890109890109888,0.1509433962264151,0.2941176470588236,0.48571428571428554,0.25,0.5285714285714287,0.26315789473684204,0.21582733812949637,0.4968553459119496,0.21052631578947367,0.045454545454545456,0.5121951219512195,0.2666666666666666,0.5333333333333332,3
0.19565217391304346,0.3076923076923077,0.41666666666666663,0.222707423580786,0.18681318681318682,0.09433962264150944,0.23529411764705876,0.5428571428571427,0.16666666666666674,0.2857142857142856,0.22105263157894728,0.17266187050359713,0.270440251572327,0.17105263157894735,0.2272727272727273,0.41463414634146345,0.36666666666666714,0.4666666666666668,0
0.5,0.7307692307692306,0.8888888888888888,0.5152838427947598,0.21978021978021978,0.1320754716981132,0.5620915032679739,0.19999999999999996,0.5,0.6428571428571426,0.45789473684210524,0.4856115107913669,0.7358490566037736,0.10526315789473684,0.5454545454545454,0.4878048780487805,0.5333333333333341,0.666666666666667,1
0.36956521739130443,0.34615384615384603,0.3194444444444444,0.09606986899563319,0.08791208791208793,0.09433962264150944,0.261437908496732,0.5428571428571427,0.16666666666666674,0.34285714285714275,0.22631578947368414,0.18225419664268586,0.40251572327044016,0.2894736842105262,0.0,0.36585365853658536,0.13333333333333375,0.09999999999999964,0
0.43478260869565233,0.26923076923076916,0.30555555555555547,0.05676855895196509,0.02197802197802201,0.09433962264150944,0.12418300653594772,0.7428571428571429,0.08333333333333348,0.38571428571428545,0.1578947368421052,0.07793764988009591,0.2955974842767295,0.2499999999999999,0.36363636363636365,0.14634146341463417,0.2666666666666666,0.09999999999999964,3
0.3913043478260869,0.3076923076923077,0.36111111111111105,0.11790393013100442,0.09890109890109888,0.1320754716981132,0.09150326797385622,0.7714285714285714,0.08333333333333348,0.3714285714285712,0.15263157894736834,0.0635491606714628,0.28930817610062887,0.17105263157894735,0.13636363636363635,0.24390243902439024,0.5,0.43333333333333357,3
0.4782608695652173,0.46153846153846145,0.9027777777777777,0.4541484716157205,0.18681318681318682,0.1509433962264151,0.4901960784313726,0.2857142857142856,0.41666666666666674,0.4571428571428571,0.3789473684210526,0.40287769784172667,0.30817610062893075,0.06578947368421051,0.3181818181818182,0.7804878048780488,0.7333333333333334,1.0,2
0.34782608695652173,0.15384615384615374,0.15277777777777768,0.030567685589519666,0.07692307692307687,0.056603773584905655,0.05228758169934633,0.857142857142857,0.0,0.12857142857142856,0.04210526315789476,0.03477218225419662,0.23899371069182385,0.3026315789473685,0.3181818181818182,0.0975609756097561,0.16666666666666696,0.06666666666666643,3
0.6304347826086958,0.6923076923076923,0.7222222222222221,0.39301310043668125,0.1428571428571429,0.07547169811320756,0.7058823529411764,0.11428571428571421,0.6666666666666665,0.6285714285714283,0.6157894736842106,0.6558752997601919,0.628930817610063,0.2763157894736842,0.3181818181818182,0.17073170731707318,0.40000000000000036,0.16666666666666696,0
0.6956521739130435,0.8076923076923077,0.8333333333333333,0.5065502183406113,0.2417582417582418,0.1509433962264151,0.7124183006535947,0.11428571428571421,0.6666666666666665,0.7428571428571427,0.5368421052631579,0.6402877697841727,0.5849056603773586,0.1842105263157895,0.0,0.3170731707317073,0.36666666666666714,0.5999999999999996,2
0.8695652173913042,0.9230769230769231,0.9583333333333333,0.39301310043668125,0.09890109890109888,0.07547169811320756,0.9673202614379084,0.0,0.9166666666666665,0.8142857142857143,0.8315789473684211,0.9568345323741008,0.9559748427672956,0.3421052631578948,0.5,0.5121951219512195,0.20000000000000018,0.06666666666666643,0
0.30434782608695654,0.3846153846153846,0.3472222222222221,0.10043668122270744,0.09890109890109888,0.11320754716981132,0.24183006535947704,0.5714285714285714,0.16666666666666674,0.357142857142857,0.20526315789473681,0.16546762589928057,0.3899371069182389,0.3421052631578948,0.2727272727272727,0.07317073170731708,0.13333333333333375,0.033333333333333215,0
0.5434782608695654,0.6923076923076923,0.7777777777777777,0.43231441048034935,0.20879120879120883,0.1509433962264151,0.49673202614379086,0.2571428571428571,0.41666666666666674,0.5571428571428572,0.4052631578947369,0.41846522781774576,0.7672955974842768,0.11842105263157887,0.4545454545454546,0.024390243902439025,0.5,0.5999999999999996,2
0.4565217391304346,0.1923076923076923,0.6666666666666665,0.32751091703056767,0.1428571428571429,0.09433962264150944,0.3790849673202614,0.37142857142857144,0.3333333333333335,0.18571428571428572,0.3052631578947368,0.3009592326139089,0.22012578616352196,0.09210526315789469,0.09090909090909091,0.6829268292682927,0.6333333333333337,0.7666666666666666,2
0.19565217391304346,0.42307692307692313,0.3194444444444444,0.08296943231441045,0.07692307692307687,0.09433962264150944,0.2549019607843137,0.5428571428571427,0.16666666666666674,0.41428571428571437,0.18947368421052624,0.17386091127098321,0.4779874213836477,0.2894736842105262,0.13636363636363635,0.0975609756097561,0.10000000000000053,0.033333333333333215,0
0.7173913043478262,0.6153846153846154,0.7777777777777777,0.42358078602620086,0.15384615384615385,0.1509433962264151,0.4509803921568627,0.2857142857142856,0.3333333333333335,0.5714285714285714,0.3526315789473683,0.37170263788968827,0.44654088050314455,0.03947368421052633,0.8636363636363636,0.36585365853658536,0.8666666666666671,0.9333333333333336,1
0.34782608695652173,0.42307692307692313,0.5833333333333333,0.13973799126637554,0.07692307692307687,0.07547169811320756,0.24183006535947704,0.5428571428571427,0.16666666666666674,0.3714285714285712,0.21052631578947367,0.17745803357314147,0.371069182389937,0.11842105263157887,0.4545454545454546,0.34146341463414637,0.40000000000000036,0.40000000000000036,1
0.43478260869565233,0.3846153846153846,0.6666666666666665,0.28820960698689957,0.20879120879120883,0.1320754716981132,0.24836601307189543,0.5428571428571427,0.16666666666666674,0.41428571428571437,0.17894736842105263,0.17985611510791363,0.21383647798742134,0.07894736842105265,0.09090909090909091,0.41463414634146345,0.666666666666667,0.833333333333333,3
0.34782608695652173,0.1923076923076923,0.5555555555555556,0.2838427947598253,0.13186813186813184,0.09433962264150944,0.3202614379084967,0.4285714285714286,0.25,0.18571428571428572,0.2947368421052631,0.24580335731414868,0.17610062893081757,0.11842105263157887,0.2272727272727273,0.36585365853658536,0.5333333333333341,0.5333333333333332,2
0.5434782608695654,0.42307692307692313,0.5277777777777777,0.24454148471615722,0.17582417582417587,0.11320754716981132,0.196078431372549,0.5999999999999999,0.08333333333333348,0.4285714285714286,0.1578947368421052,0.13908872901678657,0.3899371069182389,0.05263157894736836,0.8636363636363636,0.04878048780487805,0.8333333333333339,0.8666666666666663,3
0.6739130434782608,0.7307692307692306,0.7777777777777777,0.3668122270742358,0.13186813186813184,0.1320754716981132,0.49673202614379086,0.2571428571428571,0.41666666666666674,0.6142857142857141,0.4,0.4148681055155875,0.6037735849056605,0.10526315789473684,0.5,0.1951219512195122,0.5666666666666673,0.6333333333333337,1
0.5652173913043477,0.9230769230769231,0.9583333333333333,0.5065502183406113,0.20879120879120883,0.16981132075471697,0.7124183006535947,0.11428571428571421,0.6666666666666665,0.8285714285714285,0.5473684210526316,0.6486810551558753,0.7987421383647799,0.14473684210526316,0.4545454545454546,0.6097560975609756,0.40000000000000036,0.6333333333333337,1
0.28260869565217384,0.34615384615384603,0.3472222222222221,0.09170305676855894,0.07692307692307687,0.09433962264150944,0.24836601307189543,0.5428571428571427,0.16666666666666674,0.3142857142857143,0.21578947368421053,0.171462829736211,0.39622641509433953,0.3421052631578948,0.09090909090909091,0.1951219512195122,0.13333333333333375,0.033333333333333215,0
0.7391304347826089,0.9230769230769231,0.8611111111111109,0.3493449781659389,0.08791208791208793,0.09433962264150944,0.7973856209150327,0.05714285714285705,0.75,0.7571428571428569,0.5947368421052631,0.7649880095923262,0.7547169811320755,0.23684210526315785,0.3181818181818182,0.2682926829268293,0.36666666666666714,0.20000000000000018,0
0.7826086956521738,0.8076923076923077,0.875,0.44104803493449785,0.17582417582417587,0.16981132075471697,0.718954248366013,0.11428571428571421,0.6666666666666665,0.8142857142857143,0.5210526315789473,0.6426858513189448,0.6540880503144655,0.1578947368421052,0.2727272727272727,0.34146341463414637,0.36666666666666714,0.6333333333333337,2
0.34782608695652173,0.42307692307692313,0.5,0.09170305676855894,0.07692307692307687,0.1509433962264151,0.2875816993464051,0.5142857142857142,0.25,0.4714285714285713,0.17368421052631577,0.2014388489208633,0.42138364779874204,0.22368421052631582,0.5454545454545454,0.29268292682926833,0.2666666666666666,0.40000000000000036,3
0.5652173913043477,0.6923076923076923,0.6666666666666665,0.3668122270742358,0.1648351648351648,0.056603773584905655,0.5947712418300652,0.17142857142857137,0.5,0.5714285714285714,0.48421052631578954,0.5287769784172662,0.6918238993710693,0.23684210526315785,0.36363636363636365,0.6341463414634146,0.5,0.2999999999999998,0
0.5217391304347827,0.46153846153846145,0.7083333333333333,0.24890829694323147,0.17582417582417587,0.1509433962264151,0.2549019607843137,0.5428571428571427,0.16666666666666674,0.4285714285714286,0.18947368421052624,0.17985611510791363,0.3899371069182389,0.07894736842105265,0.8181818181818182,0.4878048780487805,0.7000000000000002,0.7999999999999998,3
0.30434782608695654,0.3076923076923077,0.45833333333333326,0.23580786026200873,0.18681318681318682,0.09433962264150944,0.2549019607843137,0.5142857142857142,0.16666666666666674,0.2857142857142856,0.23684210526315785,0.18824940047961627,0.270440251572327,0.1842105263157895,0.13636363636363635,0.1951219512195122,0.4666666666666668,0.43333333333333357,0
0.34782608695652173,0.26923076923076916,0.4444444444444444,0.222707423580786,0.17582417582417587,0.09433962264150944,0.2222222222222222,0.5428571428571427,0.16666666666666674,0.24285714285714288,0.23684210526315785,0.1642685851318945,0.2264150943396226,0.17105263157894735,0.18181818181818182,0.24390243902439024,0.5333333333333341,0.5,0
0.28260869565217384,0.26923076923076916,0.48611111111111094,0.1834061135371179,0.1648351648351648,0.07547169811320756,0.18300653594771243,0.6285714285714286,0.08333333333333348,0.24285714285714288,0.1473684210526316,0.12709832134292567,0.33333333333333326,0.17105263157894735,0.13636363636363635,0.5121951219512195,0.2333333333333334,0.2999999999999998,1
0.21739130434782616,0.15384615384615374,0.19444444444444442,0.11790393013100442,0.15384615384615385,0.03773584905660377,0.15032679738562083,0.6857142857142857,0.08333333333333348,0.12857142857142856,0.11578947368421044,0.10431654676258992,0.20125786163522008,0.3421052631578948,0.13636363636363635,0.14634146341463417,0.13333333333333375,0.06666666666666643,2
0.6304347826086958,0.8076923076923077,0.8472222222222221,0.37554585152838427,0.1208791208791209,0.1509433962264151,0.718954248366013,0.11428571428571421,0.6666666666666665,0.7571428571428569,0.49473684210526303,0.6522781774580335,0.5911949685534592,0.1578947368421052,0.5909090909090909,0.14634146341463417,0.43333333333333357,0.5666666666666664,1
0.5652173913043477,0.846153846153846,0.8472222222222221,0.5021834061135371,0.23076923076923073,0.1509433962264151,0.7320261437908497,0.11428571428571421,0.6666666666666665,0.857142857142857,0.5157894736842105,0.6630695443645084,0.6540880503144655,0.19736842105263153,0.5,0.4878048780487805,0.36666666666666714,0.5,1
0.6086956521739131,0.8076923076923077,0.9166666666666665,0.3668122270742358,0.10989010989010983,0.09433962264150944,0.8104575163398693,0.05714285714285705,0.75,0.6571428571428573,0.6631578947368421,0.7781774580335731,0.9056603773584906,0.2894736842105262,0.2727272727272727,0.34146341463414637,0.3000000000000007,0.13333333333333375,0
0.9565217391304346,0.7307692307692306,0.9722222222222221,0.5414847161572053,0.19780219780219777,0.18867924528301888,0.65359477124183,0.1428571428571428,0.5833333333333335,0.6428571428571426,0.5157894736842105,0.580335731414868,0.6981132075471699,0.09210526315789469,0.9545454545454546,0.6097560975609756,0.6000000000000005,0.7999999999999998,2
0.32608695652173925,0.42307692307692313,0.5138888888888888,0.27510917030567683,0.13186813186813184,0.07547169811320756,0.2549019607843137,0.5142857142857142,0.16666666666666674,0.38571428571428545,0.23684210526315785,0.1906474820143885,0.4276729559748427,0.06578947368421051,0.4090909090909091,0.29268292682926833,0.8666666666666671,0.9000000000000004,1
0.4782608695652173,0.42307692307692313,0.6111111111111109,0.23580786026200873,0.1648351648351648,0.1509433962264151,0.21568627450980393,0.5714285714285714,0.16666666666666674,0.4285714285714286,0.17368421052631577,0.15347721822541963,0.35849056603773577,0.06578947368421051,0.4545454545454546,0.14634146341463417,0.7666666666666666,0.833333333333333,3
0.34782608695652173,0.26923076923076916,0.4027777777777777,0.18777292576419213,0.1208791208791209,0.07547169811320756,0.130718954248366,0.6857142857142857,0.08333333333333348,0.27142857142857135,0.13157894736842102,0.09112709832134294,0.26415094339622636,0.02631578947368418,0.7272727272727273,0.14634146341463417,0.9000000000000004,0.9333333333333336,1
0.5217391304347827,0.5,0.8472222222222221,0.46288209606986896,0.20879120879120883,0.11320754716981132,0.522875816993464,0.2571428571428571,0.41666666666666674,0.4714285714285713,0.41052631578947374,0.43405275779376495,0.37735849056603765,0.09210526315789469,0.045454545454545456,0.7804878048780488,0.5,0.6333333333333337,1
0.32608695652173925,0.1923076923076923,0.2499999999999999,0.14410480349344978,0.1428571428571429,0.056603773584905655,0.23529411764705876,0.5714285714285714,0.16666666666666674,0.18571428571428572,0.17368421052631577,0.16187050359712227,0.3018867924528301,0.35526315789473684,0.5454545454545454,0.0,0.13333333333333375,0.06666666666666643,2
0.3913043478260869,0.5,0.5277777777777777,0.19213973799126638,0.15384615384615385,0.1320754716981132,0.2287581699346405,0.5428571428571427,0.16666666666666674,0.48571428571428554,0.19999999999999996,0.16666666666666666,0.5660377358490567,0.14473684210526316,0.5909090909090909,0.2682926829268293,0.43333333333333357,0.6333333333333337,3
0.17391304347826098,0.5384615384615383,0.4027777777777777,0.1834061135371179,0.18681318681318682,0.07547169811320756,0.2549019607843137,0.5142857142857142,0.16666666666666674,0.41428571428571437,0.21578947368421053,0.1870503597122302,0.5408805031446542,0.21052631578947367,0.2272727272727273,0.0,0.2333333333333334,0.2333333333333334,0
0.5434782608695654,0.6538461538461537,0.6944444444444444,0.38427947598253276,0.17582417582417587,0.1320754716981132,0.4248366013071896,0.3142857142857143,0.3333333333333335,0.5285714285714287,0.3421052631578948,0.3453237410071942,0.5534591194968554,0.07894736842105265,0.4545454545454546,0.024390243902439025,0.5666666666666673,0.666666666666667,2
0.43478260869565233,0.34615384615384603,0.6666666666666665,0.3668122270742358,0.1648351648351648,0.1509433962264151,0.46405228758169925,0.2857142857142856,0.3333333333333335,0.3285714285714285,0.41052631578947374,0.3836930455635491,0.371069182389937,0.14473684210526316,0.13636363636363635,0.29268292682926833,0.43333333333333357,0.5333333333333332,1
0.3913043478260869,0.46153846153846145,0.5,0.2925764192139738,0.2417582417582418,0.09433962264150944,0.24836601307189543,0.5142857142857142,0.16666666666666674,0.3714285714285712,0.21052631578947367,0.1870503597122302,0.4402515723270439,0.13157894736842102,0.5454545454545454,0.024390243902439025,0.6333333333333337,0.666666666666667,0
0.7826086956521738,0.6153846153846154,0.9583333333333333,0.388646288209607,0.13186813186813184,0.1509433962264151,0.6209150326797386,0.17142857142857137,0.5833333333333335,0.5428571428571429,0.4999999999999999,0.5407673860911271,0.6540880503144655,0.14473684210526316,0.5909090909090909,0.7560975609756098,0.5,0.7000000000000002,2
0.30434782608695654,0.46153846153846145,0.5833333333333333,0.2620087336244542,0.1428571428571429,0.11320754716981132,0.2875816993464051,0.4571428571428571,0.16666666666666674,0.3714285714285712,0.2684210526315789,0.2182254196642686,0.4088050314465408,0.14473684210526316,0.09090909090909091,0.04878048780487805,0.4666666666666668,0.5,1
0.5869565217391304,0.6153846153846154,0.7777777777777777,0.4454148471615721,0.17582417582417587,0.1320754716981132,0.4836601307189543,0.2571428571428571,0.41666666666666674,0.5428571428571429,0.3789473684210526,0.4016786570743405,0.42138364779874204,0.03947368421052633,0.13636363636363635,0.12195121951219512,0.7000000000000002,0.7999999999999998,1
0.7608695652173911,0.7307692307692306,0.9583333333333333,0.3406113537117904,0.08791208791208793,0.18867924528301888,0.6797385620915033,0.1428571428571428,0.5833333333333335,0.7571428571428569,0.5210526315789473,0.6031175059952039,0.6603773584905661,0.17105263157894735,0.4545454545454546,0.6829268292682927,0.43333333333333357,0.666666666666667,2
0.6086956521739131,0.5,0.9027777777777777,0.3973799126637555,0.15384615384615385,0.1509433962264151,0.5620915032679739,0.22857142857142854,0.5,0.4571428571428571,0.4368421052631578,0.47242206235011985,0.5408805031446542,0.09210526315789469,0.3181818181818182,0.926829268292683,0.5333333333333341,0.7999999999999998,2
0.4782608695652173,0.5384615384615383,0.5694444444444444,0.31441048034934505,0.13186813186813184,0.09433962264150944,0.36601307189542487,0.37142857142857144,0.25,0.48571428571428554,0.34736842105263144,0.28896882494004794,0.4779874213836477,0.10526315789473684,0.18181818181818182,0.0975609756097561,0.5,0.5666666666666664,2
0.30434782608695654,0.46153846153846145,0.5138888888888888,0.2139737991266376,0.13186813186813184,0.09433962264150944,0.27450980392156854,0.5142857142857142,0.16666666666666674,0.38571428571428545,0.2684210526315789,0.19904076738609108,0.39622641509433953,0.21052631578947367,0.6818181818181819,0.34146341463414637,0.2666666666666666,0.2666666666666666,1
0.7608695652173911,0.8076923076923077,0.9027777777777777,0.43231441048034935,0.1648351648351648,0.16981132075471697,0.588235294117647,0.19999999999999996,0.5,0.6571428571428573,0.4526315789473684,0.5083932853717026,0.7924528301886793,0.11842105263157887,0.5454545454545454,0.07317073170731708,0.4666666666666668,0.6333333333333337,2
0.36956521739130443,0.5384615384615383,0.625,0.19650655021834063,0.1428571428571429,0.1509433962264151,0.2810457516339868,0.48571428571428554,0.16666666666666674,0.5285714285714287,0.2578947368421052,0.20503597122302156,0.4842767295597483,0.21052631578947367,0.045454545454545456,0.12195121951219512,0.3000000000000007,0.5,3
0.19565217391304346,0.15384615384615374,0.26388888888888884,0.13100436681222705,0.17582417582417587,0.09433962264150944,0.15032679738562083,0.7142857142857142,0.08333333333333348,0.1428571428571428,0.1105263157894737,0.09592326139088728,0.21383647798742134,0.3026315789473685,0.5,0.5853658536585367,0.10000000000000053,0.13333333333333375,2
0.23913043478260865,0.46153846153846145,0.38888888888888884,0.19213973799126638,0.18681318681318682,0.07547169811320756,0.2222222222222222,0.5714285714285714,0.16666666666666674,0.34285714285714275,0.19999999999999996,0.1594724220623501,0.44654088050314455,0.21052631578947367,0.2272727272727273,0.024390243902439025,0.2333333333333334,0.20000000000000018,0
0.34782608695652173,0.5384615384615383,0.5694444444444444,0.22707423580786024,0.10989010989010983,0.11320754716981132,0.3202614379084967,0.4285714285714286,0.25,0.44285714285714284,0.29999999999999993,0.2446043165467626,0.5534591194968554,0.17105263157894735,0.4090909090909091,0.36585365853658536,0.36666666666666714,0.40000000000000036,1
0.5,0.3076923076923077,0.5138888888888888,0.3187772925764192,0.18681318681318682,0.056603773584905655,0.4248366013071896,0.2857142857142856,0.3333333333333335,0.22857142857142843,0.39473684210526316,0.3609112709832134,0.24528301886792447,0.19736842105263153,0.0,0.0975609756097561,0.666666666666667,0.5666666666666664,0
0.5217391304347827,0.5384615384615383,0.6527777777777777,0.2620087336244542,0.18681318681318682,0.1320754716981132,0.2875816993464051,0.48571428571428554,0.25,0.44285714285714284,0.22631578947368414,0.20983213429256595,0.4591194968553458,0.11842105263157887,0.045454545454545456,0.3170731707317073,0.5333333333333341,0.7000000000000002,3
0.5,0.5384615384615383,0.5138888888888888,0.4366812227074236,0.27472527472527475,0.07547169811320756,0.3594771241830066,0.34285714285714275,0.25,0.4571428571428571,0.3052631578947368,0.2937649880095923,0.4591194968553458,0.13157894736842102,0.2727272727272727,0.3902439024390244,0.7666666666666666,0.7333333333333334,0
0.30434782608695654,0.1153846153846152,0.18055555555555547,0.05676855895196509,0.1208791208791209,0.03773584905660377,0.039215686274509776,0.8857142857142857,0.0,0.09999999999999987,0.04210526315789476,0.025179856115107896,0.1823899371069182,0.3421052631578948,0.4090909090909091,0.36585365853658536,0.13333333333333375,0.06666666666666643,3
0.7826086956521738,0.7307692307692306,0.7638888888888888,0.37117903930131,0.1208791208791209,0.03773584905660377,0.7516339869281046,0.08571428571428563,0.6666666666666665,0.5714285714285714,0.6947368421052632,0.709832134292566,0.679245283018868,0.3026315789473685,0.0,0.4634146341463415,0.36666666666666714,0.16666666666666696,0
0.6739130434782608,0.6923076923076923,0.9444444444444444,0.388646288209607,0.13186813186813184,0.16981132075471697,0.6862745098039216,0.1428571428571428,0.5833333333333335,0.6428571428571426,0.5368421052631579,0.6115107913669064,0.5911949685534592,0.17105263157894735,0.6818181818181819,0.5365853658536586,0.4666666666666668,0.666666666666667,2
0.30434782608695654,0.15384615384615374,0.2777777777777777,0.12227074235807867,0.10989010989010983,0.07547169811320756,0.10457516339869277,0.7428571428571429,0.08333333333333348,0.15714285714285703,0.12631578947368416,0.07074340527577935,0.14465408805031443,0.1578947368421052,0.045454545454545456,0.34146341463414637,0.3333333333333339,0.36666666666666714,2
0.19565217391304346,0.1153846153846152,0.19444444444444442,0.05676855895196509,0.06593406593406592,0.09433962264150944,0.08496732026143783,0.7999999999999998,0.08333333333333348,0.11428571428571432,0.0842105263157894,0.05395683453237407,0.11949685534591192,0.2499999999999999,0.045454545454545456,0.12195121951219512,0.13333333333333375,0.09999999999999964,2
0.6956521739130435,0.8846153846153848,0.8055555555555554,0.4585152838427947,0.18681318681318682,0.16981132075471697,0.6862745098039216,0.1428571428571428,0.5833333333333335,0.7857142857142858,0.4999999999999999,0.6139088729016786,0.6729559748427674,0.17105263157894735,0.09090909090909091,0.4634146341463415,0.40000000000000036,0.5999999999999996,1
0.15217391304347827,0.23076923076923062,0.2777777777777777,0.07860262008733632,0.09890109890109888,0.07547169811320756,0.17647058823529405,0.657142857142857,0.08333333333333348,0.18571428571428572,0.1105263157894737,0.11630695443645081,0.2075471698113207,0.2763157894736842,0.0,0.12195121951219512,0.10000000000000053,0.16666666666666696,1
0.7173913043478262,0.8076923076923077,0.8333333333333333,0.537117903930131,0.21978021978021978,0.03773584905660377,0.9019607843137254,0.02857142857142847,0.8333333333333335,0.6285714285714283,0.7894736842105262,0.8860911270983214,0.9622641509433962,0.38157894736842113,0.2272727272727273,0.2682926829268293,0.20000000000000018,0.033333333333333215,0
0.17391304347826098,0.5,0.43055555555555547,0.16157205240174677,0.15384615384615385,0.09433962264150944,0.26797385620915026,0.5142857142857142,0.16666666666666674,0.4285714285714286,0.24736842105263157,0.19544364508393283,0.5094339622641508,0.2763157894736842,0.045454545454545456,0.34146341463414637,0.20000000000000018,0.20000000000000018,0
0.5869565217391304,0.6923076923076923,0.9583333333333333,0.5240174672489083,0.21978021978021978,0.1320754716981132,0.6862745098039216,0.11428571428571421,0.5833333333333335,0.6285714285714283,0.5684210526315788,0.6235011990407674,0.6100628930817611,0.17105263157894735,0.2727272727272727,0.43902439024390244,0.43333333333333357,0.5999999999999996,1
0.32608695652173925,0.42307692307692313,0.43055555555555547,0.17903930131004364,0.09890109890109888,0.11320754716981132,0.196078431372549,0.6285714285714286,0.16666666666666674,0.357142857142857,0.15263157894736834,0.13429256594724218,0.4088050314465408,0.11842105263157887,0.3181818181818182,0.43902439024390244,0.40000000000000036,0.5333333333333332,1
0.5652173913043477,0.3846153846153846,0.6805555555555554,0.3973799126637555,0.17582417582417587,0.11320754716981132,0.4836601307189543,0.2571428571428571,0.41666666666666674,0.3714285714285712,0.42105263157894723,0.40407673860911275,0.35849056603773577,0.11842105263157887,0.2727272727272727,0.3170731707317073,0.5,0.5999999999999996,2
0.36956521739130443,0.5384615384615383,0.625,0.17903930131004364,0.1208791208791209,0.1320754716981132,0.261437908496732,0.5142857142857142,0.16666666666666674,0.5285714285714287,0.23684210526315785,0.19304556354916066,0.47169811320754707,0.1842105263157895,0.18181818181818182,0.04878048780487805,0.3333333333333339,0.5333333333333332,3
0.4565217391304346,0.5384615384615383,0.625,1.0,1.0,0.8867924528301887,0.2810457516339868,0.48571428571428554,0.16666666666666674,0.5285714285714287,0.9999999999999999,0.20383693045563547,0.49056603773584895,0.9999999999999999,0.5454545454545454,0.21951219512195122,0.40000000000000036,0.5,3
0.5869565217391304,0.9230769230769231,0.9305555555555554,0.44978165938864634,0.17582417582417587,0.16981132075471697,0.7516339869281046,0.11428571428571421,0.6666666666666665,0.8857142857142855,0.5473684210526316,0.6858513189448441,0.6037735849056605,0.17105263157894735,0.2727272727272727,0.4634146341463415,0.3333333333333339,0.5666666666666664,1
0.28260869565217384,0.34615384615384603,0.3472222222222221,0.03930131004366816,0.03296703296703296,0.11320754716981132,0.261437908496732,0.5428571428571427,0.16666666666666674,0.3285714285714285,0.20526315789473681,0.17745803357314147,0.3899371069182389,0.3421052631578948,0.18181818181818182,0.3902439024390244,0.10000000000000053,0.06666666666666643,0
0.3913043478260869,0.1923076923076923,0.41666666666666663,0.24454148471615722,0.20879120879120883,0.4339622641509434,0.18300653594771243,0.5999999999999999,0.08333333333333348,0.2999999999999998,0.16842105263157892,0.13429256594724218,0.13207547169811318,0.10526315789473684,0.18181818181818182,0.2682926829268293,0.5333333333333341,0.7000000000000002,3
0.43478260869565233,0.42307692307692313,0.6944444444444444,0.2707423580786026,0.19780219780219777,0.1509433962264151,0.26797385620915026,0.5142857142857142,0.16666666666666674,0.5428571428571429,0.21052631578947367,0.19664268585131892,0.21383647798742134,0.09210526315789469,0.4090909090909091,0.41463414634146345,0.6000000000000005,0.7333333333333334,3
0.28260869565217384,0.5384615384615383,0.48611111111111094,0.26637554585152845,0.23076923076923073,0.07547169811320756,0.27450980392156854,0.48571428571428554,0.16666666666666674,0.40000000000000013,0.2421052631578947,0.20623501199040764,0.5094339622641508,0.19736842105263153,0.3181818181818182,0.07317073170731708,0.40000000000000036,0.43333333333333357,0
0.36956521739130443,0.6153846153846154,0.5972222222222221,0.36244541484716153,0.17582417582417587,0.09433962264150944,0.4183006535947713,0.3142857142857143,0.3333333333333335,0.514285714285714,0.39473684210526316,0.3393285371702638,0.7106918238993711,0.14473684210526316,0.045454545454545456,0.04878048780487805,0.43333333333333357,0.4666666666666668,2
0.5217391304347827,0.15384615384615374,0.5,0.2838427947598253,0.1428571428571429,0.11320754716981132,0.3202614379084967,0.4285714285714286,0.25,0.18571428571428572,0.31052631578947365,0.24820143884892085,0.16981132075471694,0.17105263157894735,0.0,0.0,0.40000000000000036,0.36666666666666714,1
0.7608695652173911,0.9230769230769231,0.9166666666666665,0.3187772925764192,0.04395604395604391,0.056603773584905655,0.9411764705882353,0.0,0.9166666666666665,0.7428571428571427,0.8157894736842105,0.9376498800959232,0.9559748427672956,0.36842105263157887,0.5,0.04878048780487805,0.20000000000000018,0.0,0
0.34782608695652173,0.3076923076923077,0.48611111111111094,0.2532751091703057,0.20879120879120883,0.056603773584905655,0.26797385620915026,0.48571428571428554,0.16666666666666674,0.2571428571428571,0.23684210526315785,0.2014388489208633,0.28301886792452824,0.17105263157894735,0.09090909090909091,0.0,0.40000000000000036,0.4666666666666668,0
0.5434782608695654,0.1923076923076923,0.41666666666666663,0.3580786026200874,0.23076923076923073,0.07547169811320756,0.33986928104575154,0.37142857142857144,0.25,0.2571428571428571,0.31052631578947365,0.2745803357314148,0.12578616352201255,0.1578947368421052,0.13636363636363635,0.41463414634146345,0.8000000000000007,0.7333333333333334,0
0.30434782608695654,0.34615384615384603,0.33333333333333326,0.20087336244541487,0.18681318681318682,0.1509433962264151,0.13725490196078427,0.6857142857142857,0.08333333333333348,0.3285714285714285,0.14210526315789473,0.09712230215827336,0.3144654088050314,0.10526315789473684,0.3181818181818182,0.0,0.5666666666666673,0.666666666666667,3
0.26086956521739135,0.15384615384615374,0.5555555555555556,0.23580786026200873,0.13186813186813184,0.11320754716981132,0.26797385620915026,0.5142857142857142,0.16666666666666674,0.11428571428571432,0.2578947368421052,0.19664268585131892,0.16981132075471694,0.13157894736842102,0.2727272727272727,0.5121951219512195,0.5,0.5333333333333332,1
0.6086956521739131,0.7307692307692306,0.9027777777777777,0.2532751091703057,0.06593406593406592,0.1509433962264151,0.65359477124183,0.1428571428571428,0.5833333333333335,0.6428571428571426,0.5052631578947367,0.5815347721822541,0.5974842767295598,0.19736842105263153,0.5454545454545454,0.2682926829268293,0.3333333333333339,0.43333333333333357,1
0.5,0.23076923076923062,0.5138888888888888,0.24454148471615722,0.1648351648351648,0.11320754716981132,0.18300653594771243,0.5999999999999999,0.08333333333333348,0.4571428571428571,0.16315789473684206,0.13189448441247,0.09433962264150941,0.03947368421052633,0.6818181818181819,0.07317073170731708,0.8333333333333339,0.9000000000000004,3
0.652173913043478,0.5769230769230769,0.8472222222222221,0.4366812227074236,0.1648351648351648,0.18867924528301888,0.5751633986928104,0.19999999999999996,0.5,0.5714285714285714,0.4473684210526315,0.4928057553956835,0.3459119496855345,0.09210526315789469,0.36363636363636365,0.5365853658536586,0.5333333333333341,0.7000000000000002,1
0.32608695652173925,0.26923076923076916,0.45833333333333326,0.3013100436681223,0.23076923076923073,0.09433962264150944,0.24836601307189543,0.5142857142857142,0.16666666666666674,0.27142857142857135,0.231578947368421,0.18824940047961627,0.26415094339622636,0.13157894736842102,0.09090909090909091,0.4878048780487805,0.666666666666667,0.6333333333333337,0
0.15217391304347827,0.1923076923076923,0.33333333333333326,0.11353711790393017,0.13186813186813184,0.11320754716981132,0.14379084967320255,0.7142857142857142,0.08333333333333348,0.11428571428571432,0.11578947368421044,0.0899280575539568,0.16352201257861632,0.22368421052631582,0.045454545454545456,0.5609756097560976,0.10000000000000053,0.2333333333333334,1
0.3913043478260869,0.1923076923076923,0.48611111111111094,0.13973799126637554,0.06593406593406592,0.07547169811320756,0.20915032679738554,0.5999999999999999,0.16666666666666674,0.18571428571428572,0.1842105263157895,0.14508393285371704,0.2515723270440251,0.13157894736842102,0.045454545454545456,0.17073170731707318,0.3333333333333339,0.33333333333333304,2
0.28260869565217384,0.46153846153846145,0.43055555555555547,0.222707423580786,0.20879120879120883,0.09433962264150944,0.2222222222222222,0.5428571428571427,0.16666666666666674,0.3714285714285712,0.1947368421052631,0.16546762589928057,0.42138364779874204,0.17105263157894735,0.2272727272727273,0.14634146341463417,0.43333333333333357,0.5,0
0.28260869565217384,0.1923076923076923,0.6388888888888888,0.3100436681222708,0.1428571428571429,0.1320754716981132,0.3790849673202614,0.37142857142857144,0.3333333333333335,0.22857142857142843,0.32105263157894737,0.2985611510791367,0.1823899371069182,0.11842105263157887,0.045454545454545456,0.6829268292682927,0.5,0.5999999999999996,2
0.34782608695652173,0.46153846153846145,0.5138888888888888,0.3668122270742358,0.18681318681318682,0.1320754716981132,0.3202614379084967,0.4285714285714286,0.25,0.4714285714285713,0.3157894736842105,0.24700239808153476,0.4088050314465408,0.09210526315789469,0.18181818181818182,0.04878048780487805,0.6000000000000005,0.666666666666667,2
0.10869565217391308,0.1153846153846152,0.15277777777777768,0.05240174672489084,0.09890109890109888,0.03773584905660377,0.05228758169934633,0.8857142857142857,0.0,0.08571428571428563,0.02631578947368418,0.029976019184652286,0.16352201257861632,0.32894736842105254,0.045454545454545456,0.29268292682926833,0.0333333333333341,0.09999999999999964,1
0.15217391304347827,0.3846153846153846,0.43055555555555547,0.1266375545851529,0.1428571428571429,0.09433962264150944,0.24836601307189543,0.5428571428571427,0.16666666666666674,0.40000000000000013,0.21052631578947367,0.1750599520383693,0.42138364779874204,0.2894736842105262,0.2727272727272727,0.36585365853658536,0.13333333333333375,0.09999999999999964,0
0.32608695652173925,0.1153846153846152,0.5277777777777777,0.24454148471615722,0.1648351648351648,0.07547169811320756,0.18300653594771243,0.6285714285714286,0.08333333333333348,0.0714285714285714,0.16315789473684206,0.12350119904076737,0.12578616352201255,0.09210526315789469,0.18181818181818182,0.8536585365853658,0.6000000000000005,0.7000000000000002,1
0.26086956521739135,0.46153846153846145,0.5833333333333333,0.1266375545851529,0.09890109890109888,0.16981132075471697,0.30718954248366015,0.48571428571428554,0.25,0.5428571428571429,0.21052631578947367,0.2134292565947242,0.40251572327044016,0.22368421052631582,0.4545454545454546,0.5121951219512195,0.2333333333333334,0.40000000000000036,3
0.6086956521739131,0.7692307692307694,0.9444444444444444,0.3493449781659389,0.07692307692307687,0.18867924528301888,0.6797385620915033,0.1428571428571428,0.5833333333333335,0.7714285714285711,0.4736842105263158,0.6007194244604316,0.49056603773584895,0.11842105263157887,0.18181818181818182,0.5853658536585367,0.4666666666666668,0.666666666666667,1
0.34782608695652173,0.42307692307692313,0.41666666666666663,0.23580786026200873,0.18681318681318682,0.07547169811320756,0.1895424836601307,0.5999999999999999,0.08333333333333348,0.357142857142857,0.17894736842105263,0.13788968824940048,0.40251572327044016,0.09210526315789469,0.4090909090909091,0.2682926829268293,0.5666666666666673,0.5999999999999996,0
0.5,0.1153846153846152,0.4722222222222221,0.34497816593886466,0.25274725274725274,0.07547169811320756,0.24183006535947704,0.48571428571428554,0.16666666666666674,0.12857142857142856,0.25263157894736843,0.18824940047961627,0.1132075471698113,0.13157894736842102,0.0,0.41463414634146345,0.8333333333333339,0.7999999999999998,0
0.30434782608695654,0.3846153846153846,0.41666666666666663,0.2838427947598253,0.27472527472527475,0.09433962264150944,0.261437908496732,0.5142857142857142,0.16666666666666674,0.38571428571428545,0.24736842105263157,0.18824940047961627,0.3899371069182389,0.22368421052631582,0.2727272727272727,0.29268292682926833,0.2666666666666666,0.20000000000000018,0
0.43478260869565233,0.038461538461538325,0.4444444444444444,0.1746724890829694,0.09890109890109888,0.07547169811320756,0.13725490196078427,0.6857142857142857,0.08333333333333348,0.0714285714285714,0.1473684210526316,0.09472422062350119,0.10062893081761004,0.05263157894736836,0.2272727272727273,0.4878048780487805,0.8000000000000007,0.833333333333333,2
0.5,0.23076923076923062,0.2499999999999999,0.05676855895196509,0.04395604395604391,0.07547169811320756,0.13725490196078427,0.7428571428571429,0.08333333333333348,0.2999999999999998,0.12631578947368416,0.08513189448441247,0.25786163522012573,0.35526315789473684,0.2727272727272727,0.0,0.16666666666666696,0.033333333333333215,3
0.5434782608695654,0.5769230769230769,0.8472222222222221,0.3973799126637555,0.15384615384615385,0.16981132075471697,0.6209150326797386,0.1428571428571428,0.5,0.48571428571428554,0.5105263157894736,0.5587529976019184,0.5283018867924529,0.1578947368421052,0.2272727272727273,0.17073170731707318,0.43333333333333357,0.5,1
0.36956521739130443,0.038461538461538325,0.36111111111111105,0.23580786026200873,0.13186813186813184,0.09433962264150944,0.18300653594771243,0.5999999999999999,0.08333333333333348,0.08571428571428563,0.1842105263157895,0.1366906474820144,0.05031446540880502,0.02631578947368418,0.045454545454545456,0.07317073170731708,0.8333333333333339,0.8666666666666663,2
0.26086956521739135,0.46153846153846145,0.41666666666666663,0.06986899563318782,0.07692307692307687,0.09433962264150944,0.24183006535947704,0.5428571428571427,0.16666666666666674,0.38571428571428545,0.20526315789473681,0.1702637889688249,0.4842767295597483,0.2894736842105262,0.36363636363636365,0.0975609756097561,0.16666666666666696,0.09999999999999964,0
0.3913043478260869,0.3076923076923077,0.7361111111111109,0.406113537117904,0.19780219780219777,0.1320754716981132,0.46405228758169925,0.2857142857142856,0.3333333333333335,0.27142857142857135,0.3789473684210526,0.3836930455635491,0.2767295597484276,0.09210526315789469,0.5,0.5853658536585367,0.5666666666666673,0.6333333333333337,1
0.34782608695652173,0.1153846153846152,0.4027777777777777,0.16593886462882101,0.10989010989010983,0.09433962264150944,0.15032679738562083,0.6857142857142857,0.08333333333333348,0.11428571428571432,0.12631578947368416,0.09832134292565944,0.11949685534591192,0.09210526315789469,0.13636363636363635,0.8780487804878049,0.5666666666666673,0.7333333333333334,1
0.7173913043478262,0.7692307692307694,0.8055555555555554,0.43231441048034935,0.17582417582417587,0.16981132075471697,0.7058823529411764,0.11428571428571421,0.6666666666666665,0.7,0.5157894736842105,0.6306954436450839,0.6603773584905661,0.1578947368421052,0.4545454545454546,0.5853658536585367,0.40000000000000036,0.5333333333333332,1
0.28260869565217384,0.1923076923076923,0.6805555555555554,0.31441048034934505,0.13186813186813184,0.1320754716981132,0.37254901960784315,0.37142857142857144,0.25,0.19999999999999996,0.3157894736842105,0.2925659472422062,0.24528301886792447,0.10526315789473684,0.3181818181818182,0.8048780487804879,0.5666666666666673,0.7000000000000002,1
0.847826086956522,0.6538461538461537,0.8888888888888888,0.406113537117904,0.1208791208791209,0.16981132075471697,0.6274509803921569,0.17142857142857137,0.5833333333333335,0.5857142857142856,0.48947368421052617,0.5455635491606714,0.4842767295597483,0.10526315789473684,0.6818181818181819,0.5365853658536586,0.5,0.7000000000000002,2
0.23913043478260865,0.15384615384615374,0.41666666666666663,0.17903930131004364,0.1648351648351648,0.1320754716981132,0.1568627450980392,0.6285714285714286,0.08333333333333348,0.22857142857142843,0.15263157894736834,0.11510791366906473,0.19496855345911945,0.11842105263157887,0.5,0.21951219512195122,0.6000000000000005,0.7000000000000002,3
0.6739130434782608,0.7692307692307694,0.9444444444444444,0.4454148471615721,0.15384615384615385,0.16981132075471697,0.6862745098039216,0.1428571428571428,0.5833333333333335,0.7142857142857142,0.5052631578947367,0.6115107913669064,0.628930817610063,0.10526315789473684,0.0,0.21951219512195122,0.40000000000000036,0.666666666666667,2
0.5652173913043477,0.5384615384615383,0.7083333333333333,0.5327510917030568,0.29670329670329676,0.056603773584905655,0.588235294117647,0.17142857142857137,0.5,0.4285714285714286,0.5473684210526316,0.5335731414868106,0.4842767295597483,0.26315789473684215,0.18181818181818182,0.2682926829268293,0.5333333333333341,0.33333333333333304,0
0.23913043478260865,0.1923076923076923,0.5972222222222221,0.16157205240174677,0.07692307692307687,0.09433962264150944,0.24183006535947704,0.5428571428571427,0.16666666666666674,0.19999999999999996,0.24736842105263157,0.171462829736211,0.2515723270440251,0.19736842105263153,0.2727272727272727,0.7073170731707318,0.3000000000000007,0.33333333333333304,2
0.26086956521739135,0.34615384615384603,0.41666666666666663,0.11353711790393017,0.09890109890109888,0.09433962264150944,0.24836601307189543,0.5428571428571427,0.16666666666666674,0.38571428571428545,0.24736842105263157,0.17266187050359713,0.39622641509433953,0.3026315789473685,0.4545454545454546,0.34146341463414637,0.16666666666666696,0.13333333333333375,0
0.6739130434782608,0.6923076923076923,0.9027777777777777,0.2794759825327511,0.07692307692307687,0.1509433962264151,0.6274509803921569,0.17142857142857137,0.5833333333333335,0.6285714285714283,0.4736842105263158,0.5479616306954437,0.7044025157232705,0.17105263157894735,0.4090909090909091,0.4878048780487805,0.36666666666666714,0.5333333333333332,2
0.43478260869565233,0.34615384615384603,0.33333333333333326,0.08296943231441045,0.04395604395604391,0.09433962264150944,0.15032679738562083,0.7142857142857142,0.08333333333333348,0.3714285714285712,0.17894736842105263,0.09352517985611511,0.28930817610062887,0.2499999999999999,0.7272727272727273,0.29268292682926833,0.3000000000000007,0.13333333333333375,3
0.5434782608695654,0.5384615384615383,0.9583333333333333,0.4279475982532751,0.13186813186813184,0.16981132075471697,0.5686274509803921,0.22857142857142854,0.5,0.514285714285714,0.4052631578947369,0.48201438848920863,0.35220125786163514,0.02631578947368418,0.045454545454545456,0.8048780487804879,0.6000000000000005,0.9000000000000004,2
0.6086956521739131,0.6923076923076923,0.8055555555555554,0.39301310043668125,0.1428571428571429,0.1509433962264151,0.542483660130719,0.22857142857142854,0.41666666666666674,0.6142857142857141,0.46842105263157896,0.46522781774580335,0.6918238993710693,0.10526315789473684,0.0,0.24390243902439024,0.5333333333333341,0.666666666666667,2
0.3913043478260869,0.1153846153846152,0.2777777777777777,0.09606986899563319,0.09890109890109888,0.07547169811320756,0.04575163398692805,0.857142857142857,0.0,0.17142857142857126,0.047368421052631504,0.03237410071942445,0.05660377358490565,0.10526315789473684,0.2727272727272727,0.34146341463414637,0.5333333333333341,0.5666666666666664,3
0.5652173913043477,0.6538461538461537,0.6666666666666665,0.4366812227074236,0.18681318681318682,0.1509433962264151,0.47712418300653603,0.2571428571428571,0.41666666666666674,0.5857142857142856,0.4157894736842104,0.3992805755395683,0.5283018867924529,0.09210526315789469,0.5454545454545454,0.2682926829268293,0.6000000000000005,0.666666666666667,1
0.6304347826086958,0.7692307692307694,0.8472222222222221,0.5851528384279476,0.27472527472527475,0.03773584905660377,0.8235294117647058,0.05714285714285705,0.75,0.6428571428571426,0.7210526315789473,0.7913669064748201,0.8364779874213837,0.3421052631578948,0.3181818181818182,0.5365853658536586,0.2666666666666666,0.09999999999999964,0
0.34782608695652173,0.5,0.4722222222222221,0.1353711790393013,0.13186813186813184,0.1320754716981132,0.2941176470588236,0.5142857142857142,0.25,0.5714285714285714,0.21052631578947367,0.20623501199040764,0.4276729559748427,0.26315789473684215,0.5454545454545454,0.07317073170731708,0.2666666666666666,0.33333333333333304,3
0.6086956521739131,0.7307692307692306,0.8472222222222221,0.406113537117904,0.1648351648351648,0.1320754716981132,0.49673202614379086,0.2571428571428571,0.41666666666666674,0.6285714285714283,0.41052631578947374,0.41127098321342925,0.5911949685534592,0.10526315789473684,0.6363636363636364,0.36585365853658536,0.5666666666666673,0.7000000000000002,2
0.4782608695652173,0.9230769230769231,0.8888888888888888,0.5414847161572053,0.29670329670329676,0.1509433962264151,0.65359477124183,0.1428571428571428,0.5833333333333335,0.8142857142857143,0.49473684210526303,0.5827338129496402,0.7169811320754718,0.19736842105263153,0.0,0.0975609756097561,0.3333333333333339,0.40000000000000036,1
0.6086956521739131,0.7692307692307694,0.7083333333333333,0.39301310043668125,0.19780219780219777,0.07547169811320756,0.6013071895424837,0.17142857142857137,0.5,0.6142857142857141,0.531578947368421,0.5419664268585132,0.6603773584905661,0.2499999999999999,0.2272727272727273,0.34146341463414637,0.5333333333333341,0.36666666666666714,0
0.3913043478260869,0.23076923076923062,0.5833333333333333,0.2620087336244542,0.23076923076923073,0.1509433962264151,0.20261437908496727,0.5714285714285714,0.16666666666666674,0.27142857142857135,0.17894736842105263,0.1486810551558753,0.30817610062893075,0.11842105263157887,0.5909090909090909,0.21951219512195122,0.5,0.666666666666667,3
0.3913043478260869,0.5,0.48611111111111094,0.35371179039301315,0.3076923076923077,0.09433962264150944,0.27450980392156854,0.4571428571428571,0.16666666666666674,0.41428571428571437,0.25263157894736843,0.2134292565947242,0.5220125786163523,0.17105263157894735,0.36363636363636365,0.1951219512195122,0.5333333333333341,0.5999999999999996,0
0.4565217391304346,0.15384615384615374,0.4722222222222221,0.2838427947598253,0.13186813186813184,0.09433962264150944,0.326797385620915,0.4285714285714286,0.25,0.2142857142857142,0.25263157894736843,0.2517985611510791,0.13207547169811318,0.05263157894736836,0.2727272727272727,0.14634146341463417,0.7333333333333334,0.7666666666666666,1
0.4130434782608696,0.1923076923076923,0.4722222222222221,0.3231441048034934,0.1648351648351648,0.1320754716981132,0.3202614379084967,0.4285714285714286,0.25,0.24285714285714288,0.2684210526315789,0.2446043165467626,0.14465408805031443,0.05263157894736836,0.3181818181818182,0.7073170731707318,0.7000000000000002,0.833333333333333,1
0.4782608695652173,0.3846153846153846,0.43055555555555547,0.24017467248908297,0.18681318681318682,0.07547169811320756,0.21568627450980393,0.5428571428571427,0.16666666666666674,0.3285714285714285,0.20526315789473681,0.16546762589928057,0.3899371069182389,0.10526315789473684,0.36363636363636365,0.0975609756097561,0.6333333333333337,0.6333333333333337,0
0.7173913043478262,0.7307692307692306,0.8472222222222221,0.4759825327510917,0.18681318681318682,0.16981132075471697,0.5816993464052287,0.19999999999999996,0.5,0.5714285714285714,0.44210526315789467,0.5071942446043165,0.5974842767295598,0.07894736842105265,0.09090909090909091,0.0975609756097561,0.5333333333333341,0.7666666666666666,2
0.17391304347826098,0.3846153846153846,0.38888888888888884,0.15283842794759828,0.1648351648351648,0.09433962264150944,0.24183006535947704,0.5714285714285714,0.16666666666666674,0.38571428571428545,0.22105263157894728,0.16666666666666666,0.3899371069182389,0.3157894736842105,0.045454545454545456,0.34146341463414637,0.13333333333333375,0.09999999999999964,0
0.4130434782608696,0.3846153846153846,0.41666666666666663,0.0873362445414847,0.05494505494505497,0.07547169811320756,0.17647058823529405,0.657142857142857,0.08333333333333348,0.3714285714285712,0.17894736842105263,0.1175059952038369,0.39622641509433953,0.26315789473684215,0.18181818181818182,0.3902439024390244,0.2333333333333334,0.13333333333333375,3
0.21739130434782616,0.46153846153846145,0.45833333333333326,0.24890829694323147,0.23076923076923073,0.11320754716981132,0.196078431372549,0.5714285714285714,0.08333333333333348,0.3714285714285712,0.20526315789473681,0.14508393285371704,0.4402515723270439,0.1578947368421052,0.4545454545454546,0.07317073170731708,0.5,0.5999999999999996,3
0.652173913043478,0.9230769230769231,0.9027777777777777,0.5109170305676856,0.2417582417582418,0.16981132075471697,0.6928104575163399,0.11428571428571421,0.5833333333333335,0.7857142857142858,0.5052631578947367,0.6258992805755396,0.8867924528301887,0.1842105263157895,0.4545454545454546,0.04878048780487805,0.36666666666666714,0.4666666666666668,1
0.36956521739130443,0.3076923076923077,0.30555555555555547,0.18777292576419213,0.1428571428571429,0.07547169811320756,0.10457516339869277,0.7428571428571429,0.08333333333333348,0.3285714285714285,0.09999999999999998,0.07434052757793766,0.3018867924528301,0.02631578947368418,0.5909090909090909,0.0975609756097561,0.8333333333333339,0.9000000000000004,3
0.7173913043478262,0.7307692307692306,0.9305555555555554,0.4672489082969432,0.1648351648351648,0.11320754716981132,0.5751633986928104,0.19999999999999996,0.5,0.6142857142857141,0.4631578947368421,0.5011990407673861,0.5723270440251573,0.10526315789473684,0.4090909090909091,0.41463414634146345,0.6000000000000005,0.666666666666667,1
0.5217391304347827,0.5384615384615383,0.5694444444444444,0.34497816593886466,0.18681318681318682,0.11320754716981132,0.36601307189542487,0.37142857142857144,0.25,0.4571428571428571,0.3315789473684211,0.290167865707434,0.4591194968553458,0.14473684210526316,0.5,0.04878048780487805,0.5333333333333341,0.5666666666666664,1
0.26086956521739135,0.26923076923076916,0.36111111111111105,0.07423580786026207,0.05494505494505497,0.03773584905660377,0.261437908496732,0.5142857142857142,0.16666666666666674,0.2142857142857142,0.21052631578947367,0.1870503597122302,0.3396226415094339,0.36842105263157887,0.5909090909090909,0.07317073170731708,0.13333333333333375,0.06666666666666643,1
0.5869565217391304,0.6153846153846154,0.5555555555555556,0.4454148471615721,0.25274725274725274,0.07547169811320756,0.46405228758169925,0.2571428571428571,0.3333333333333335,0.5428571428571429,0.4,0.3992805755395683,0.5597484276729561,0.1842105263157895,0.13636363636363635,0.3170731707317073,0.7333333333333334,0.5999999999999996,0
0.19565217391304346,0.3846153846153846,0.43055555555555547,0.21834061135371186,0.23076923076923073,0.09433962264150944,0.24836601307189543,0.5428571428571427,0.16666666666666674,0.357142857142857,0.21578947368421053,0.1750599520383693,0.40251572327044016,0.2499999999999999,0.3181818181818182,0.2682926829268293,0.16666666666666696,0.16666666666666696,0
0.10869565217391308,0.3846153846153846,0.41666666666666663,0.18777292576419213,0.19780219780219777,0.11320754716981132,0.2287581699346405,0.5714285714285714,0.16666666666666674,0.38571428571428545,0.20526315789473681,0.16187050359712227,0.371069182389937,0.23684210526315785,0.045454545454545456,0.29268292682926833,0.16666666666666696,0.16666666666666696,0
0.6956521739130435,0.6923076923076923,0.9444444444444444,0.42358078602620086,0.1648351648351648,0.16981132075471697,0.7058823529411764,0.11428571428571421,0.6666666666666665,0.6428571428571426,0.5368421052631579,0.63189448441247,0.5849056603773586,0.17105263157894735,0.5454545454545454,0.3902439024390244,0.43333333333333357,0.6333333333333337,2
0.4130434782608696,0.26923076923076916,0.30555555555555547,0.1746724890829694,0.13186813186813184,0.11320754716981132,0.0980392156862745,0.7428571428571429,0.0,0.2999999999999998,0.09999999999999998,0.06834532374100719,0.25786163522012573,0.03947368421052633,0.5909090909090909,0.024390243902439025,0.9333333333333336,0.9666666666666668,3
0.6739130434782608,0.846153846153846,0.9583333333333333,0.5502183406113537,0.21978021978021978,0.18867924528301888,0.6928104575163399,0.11428571428571421,0.5833333333333335,0.8,0.5263157894736842,0.6258992805755396,0.7358490566037736,0.10526315789473684,0.36363636363636365,0.5365853658536586,0.5,0.7000000000000002,1
0.6956521739130435,0.6538461538461537,0.7361111111111109,0.3013100436681223,0.07692307692307687,0.03773584905660377,0.718954248366013,0.11428571428571421,0.6666666666666665,0.5857142857142856,0.6526315789473683,0.6606714628297362,0.6100628930817611,0.3157894736842105,0.18181818181818182,0.29268292682926833,0.3333333333333339,0.09999999999999964,0
0.7391304347826089,0.8846153846153848,0.9027777777777777,0.4279475982532751,0.15384615384615385,0.16981132075471697,0.7124183006535947,0.11428571428571421,0.6666666666666665,0.8714285714285712,0.5473684210526316,0.6486810551558753,0.6477987421383649,0.17105263157894735,0.6818181818181819,0.024390243902439025,0.43333333333333357,0.5,1
0.19565217391304346,0.26923076923076916,0.45833333333333326,0.16157205240174677,0.10989010989010983,0.11320754716981132,0.26797385620915026,0.5142857142857142,0.16666666666666674,0.2142857142857142,0.22631578947368414,0.18944844124700236,0.2767295597484276,0.21052631578947367,0.5,0.21951219512195122,0.16666666666666696,0.20000000000000018,1
0.5217391304347827,0.846153846153846,0.8888888888888888,0.5021834061135371,0.2637362637362638,0.1320754716981132,0.6470588235294117,0.17142857142857137,0.5833333333333335,0.7571428571428569,0.48421052631578954,0.5683453237410072,0.7169811320754718,0.19736842105263153,0.045454545454545456,0.5853658536585367,0.3333333333333339,0.5,2
0.6086956521739131,0.846153846153846,0.8472222222222221,0.34497816593886466,0.10989010989010983,0.20754716981132076,0.738562091503268,0.11428571428571421,0.6666666666666665,0.8428571428571427,0.4999999999999999,0.6678657074340527,0.5974842767295598,0.1578947368421052,0.2272727272727273,0.24390243902439024,0.3333333333333339,0.5666666666666664,1
0.34782608695652173,0.5,0.5277777777777777,0.20087336244541487,0.17582417582417587,0.16981132075471697,0.3137254901960784,0.48571428571428554,0.25,0.5999999999999999,0.21052631578947367,0.21942446043165467,0.42138364779874204,0.1842105263157895,0.2272727272727273,0.21951219512195122,0.3000000000000007,0.43333333333333357,3
0.28260869565217384,0.34615384615384603,0.33333333333333326,0.07860262008733632,0.07692307692307687,0.07547169811320756,0.23529411764705876,0.5714285714285714,0.16666666666666674,0.357142857142857,0.21052631578947367,0.16187050359712227,0.3899371069182389,0.36842105263157887,0.045454545454545456,0.07317073170731708,0.10000000000000053,0.033333333333333215,0
0.6739130434782608,0.846153846153846,0.8333333333333333,0.42358078602620086,0.20879120879120883,0.1509433962264151,0.6666666666666667,0.1428571428571428,0.5833333333333335,0.7857142857142858,0.49473684210526303,0.5947242206235012,0.7044025157232705,0.19736842105263153,0.045454545454545456,0.024390243902439025,0.3000000000000007,0.43333333333333357,2
0.4565217391304346,0.5,0.5416666666666665,0.33624454148471616,0.1648351648351648,0.11320754716981132,0.3594771241830066,0.3999999999999999,0.25,0.4285714285714286,0.3157894736842105,0.28057553956834536,0.5283018867924529,0.10526315789473684,0.5454545454545454,0.36585365853658536,0.5,0.5666666666666664,1
0.28260869565217384,0.1923076923076923,0.5,0.17030567685589526,0.13186813186813184,0.11320754716981132,0.196078431372549,0.5999999999999999,0.08333333333333348,0.18571428571428572,0.1947368421052631,0.14028776978417265,0.1823899371069182,0.1578947368421052,0.2272727272727273,0.24390243902439024,0.43333333333333357,0.5,3
0.36956521739130443,0.5769230769230769,0.5277777777777777,0.17030567685589526,0.1428571428571429,0.16981132075471697,0.3202614379084967,0.48571428571428554,0.25,0.5857142857142856,0.22105263157894728,0.2278177458033573,0.4842767295597483,0.21052631578947367,0.09090909090909091,0.04878048780487805,0.2666666666666666,0.40000000000000036,3
0.21739130434782616,0.5,0.43055555555555547,0.22707423580786024,0.25274725274725274,0.07547169811320756,0.2549019607843137,0.5142857142857142,0.16666666666666674,0.41428571428571437,0.231578947368421,0.18465227817745802,0.5597484276729561,0.2763157894736842,0.13636363636363635,0.2682926829268293,0.16666666666666696,0.16666666666666696,0
0.6739130434782608,0.9230769230769231,0.875,0.5152838427947598,0.27472527472527475,0.18867924528301888,0.7124183006535947,0.11428571428571421,0.6666666666666665,0.8428571428571427,0.48947368421052617,0.6402877697841727,0.6855345911949686,0.17105263157894735,0.5,0.29268292682926833,0.3333333333333339,0.4666666666666668,1
0.43478260869565233,0.46153846153846145,0.5694444444444444,0.3187772925764192,0.18681318681318682,0.09433962264150944,0.3137254901960784,0.4285714285714286,0.25,0.41428571428571437,0.26315789473684204,0.23860911270983212,0.4968553459119496,0.14473684210526316,0.5,0.2682926829268293,0.5333333333333341,0.5999999999999996,2
0.19565217391304346,0.23076923076923062,0.6388888888888888,0.15720524017467252,0.07692307692307687,0.09433962264150944,0.26797385620915026,0.5428571428571427,0.16666666666666674,0.22857142857142843,0.231578947368421,0.18465227817745802,0.18867924528301883,0.1578947368421052,0.5,0.43902439024390244,0.2333333333333334,0.2666666666666666,1
0.6304347826086958,0.6923076923076923,0.9444444444444444,0.388646288209607,0.10989010989010983,0.1509433962264151,0.65359477124183,0.1428571428571428,0.5833333333333335,0.6285714285714283,0.46842105263157896,0.5743405275779376,0.47169811320754707,0.09210526315789469,0.3181818181818182,0.5121951219512195,0.5,0.666666666666667,1
0.7608695652173911,0.8076923076923077,0.9583333333333333,0.37117903930131,0.10989010989010983,0.16981132075471697,0.7058823529411764,0.1428571428571428,0.6666666666666665,0.8,0.5210526315789473,0.6294964028776978,0.6603773584905661,0.14473684210526316,0.5454545454545454,0.5609756097560976,0.43333333333333357,0.666666666666667,2
0.5217391304347827,0.46153846153846145,0.5,0.3100436681222708,0.1428571428571429,0.1320754716981132,0.2941176470588236,0.4571428571428571,0.25,0.44285714285714284,0.26315789473684204,0.22302158273381292,0.37735849056603765,0.05263157894736836,0.7272727272727273,0.29268292682926833,0.7333333333333334,0.833333333333333,2
0.26086956521739135,0.3846153846153846,0.36111111111111105,0.11353711790393017,0.10989010989010983,0.07547169811320756,0.2549019607843137,0.5428571428571427,0.16666666666666674,0.357142857142857,0.22631578947368414,0.17865707434052755,0.371069182389937,0.35526315789473684,0.18181818181818182,0.21951219512195122,0.13333333333333375,0.06666666666666643,0
0.7173913043478262,0.8076923076923077,0.9027777777777777,0.2620087336244542,0.01098901098901095,0.056603773584905655,0.8823529411764706,0.02857142857142847,0.8333333333333335,0.6714285714285715,0.731578947368421,0.8477218225419665,0.8427672955974843,0.32894736842105254,0.5454545454545454,0.024390243902439025,0.16666666666666696,0.033333333333333215,0
0.4565217391304346,0.46153846153846145,0.4444444444444444,0.32751091703056767,0.2417582417582418,0.07547169811320756,0.2875816993464051,0.4285714285714286,0.16666666666666674,0.3714285714285712,0.2684210526315789,0.22661870503597123,0.5157232704402515,0.13157894736842102,0.2272727272727273,0.12195121951219512,0.5666666666666673,0.5666666666666664,0
0.7173913043478262,0.846153846153846,0.8055555555555554,0.5240174672489083,0.23076923076923073,0.16981132075471697,0.673202614379085,0.1428571428571428,0.5833333333333335,0.7428571428571427,0.48421052631578954,0.5935251798561151,0.6603773584905661,0.11842105263157887,0.09090909090909091,0.7073170731707318,0.43333333333333357,0.666666666666667,1
0.4565217391304346,0.3846153846153846,0.5833333333333333,0.13973799126637554,0.07692307692307687,0.1509433962264151,0.2810457516339868,0.48571428571428554,0.16666666666666674,0.44285714285714284,0.2421052631578947,0.20983213429256595,0.32704402515723263,0.19736842105263153,0.045454545454545456,0.14634146341463417,0.3333333333333339,0.5333333333333332,3
0.6304347826086958,0.8076923076923077,0.8055555555555554,0.27510917030567683,0.06593406593406592,0.1509433962264151,0.6862745098039216,0.1428571428571428,0.5833333333333335,0.8,0.5157894736842105,0.6091127098321343,0.7169811320754718,0.17105263157894735,0.0,0.7560975609756098,0.36666666666666714,0.5666666666666664,1
0.6956521739130435,0.8076923076923077,0.7777777777777777,0.35371179039301315,0.10989010989010983,0.1509433962264151,0.6993464052287581,0.11428571428571421,0.6666666666666665,0.7428571428571427,0.531578947368421,0.6258992805755396,0.679245283018868,0.21052631578947367,0.2272727272727273,0.29268292682926833,0.36666666666666714,0.4666666666666668,1
0.28260869565217384,0.1153846153846152,0.36111111111111105,0.10480349344978168,0.10989010989010983,0.11320754716981132,0.12418300653594772,0.7428571428571429,0.08333333333333348,0.12857142857142856,0.09473684210526312,0.08153477218225416,0.18867924528301883,0.22368421052631582,0.2272727272727273,0.6585365853658537,0.2333333333333334,0.20000000000000018,1
0.3913043478260869,0.23076923076923062,0.4444444444444444,0.1266375545851529,0.08791208791208793,0.09433962264150944,0.2222222222222222,0.5714285714285714,0.16666666666666674,0.19999999999999996,0.21052631578947367,0.15587529976019185,0.2515723270440251,0.23684210526315785,0.4090909090909091,0.43902439024390244,0.2666666666666666,0.2666666666666666,2
0.5217391304347827,0.5,0.75,0.4585152838427947,0.21978021978021978,0.1509433962264151,0.542483660130719,0.22857142857142854,0.41666666666666674,0.41428571428571437,0.49473684210526303,0.46642685851318944,0.5345911949685536,0.14473684210526316,0.0,0.34146341463414637,0.40000000000000036,0.5333333333333332,1
0.9130434782608696,0.7692307692307694,0.8333333333333333,0.44104803493449785,0.18681318681318682,0.16981132075471697,0.7058823529411764,0.11428571428571421,0.6666666666666665,0.6857142857142857,0.5210526315789473,0.6306954436450839,0.6603773584905661,0.1578947368421052,0.9545454545454546,0.2682926829268293,0.43333333333333357,0.5999999999999996,2
0.6086956521739131,0.6923076923076923,0.9999999999999998,0.42358078602620086,0.13186813186813184,0.16981132075471697,0.6666666666666667,0.17142857142857137,0.5833333333333335,0.6285714285714283,0.48947368421052617,0.579136690647482,0.5345911949685536,0.07894736842105265,0.0,0.8780487804878049,0.4666666666666668,0.833333333333333,2
0.43478260869565233,0.07692307692307687,0.5277777777777777,0.2532751091703057,0.1428571428571429,0.11320754716981132,0.24836601307189543,0.5428571428571427,0.16666666666666674,0.09999999999999987,0.22105263157894728,0.17625899280575538,0.17610062893081757,0.10526315789473684,0.09090909090909091,0.8048780487804879,0.5,0.5666666666666664,1
0.4782608695652173,0.5,0.7222222222222221,0.24017467248908297,0.17582417582417587,0.16981132075471697,0.3137254901960784,0.4571428571428571,0.25,0.5571428571428572,0.2421052631578947,0.2254196642685851,0.3899371069182389,0.14473684210526316,0.3181818181818182,0.5121951219512195,0.43333333333333357,0.6333333333333337,3
0.6086956521739131,0.846153846153846,0.9027777777777777,0.3406113537117904,0.13186813186813184,0.1509433962264151,0.673202614379085,0.1428571428571428,0.5833333333333335,0.8428571428571427,0.4789473684210527,0.592326139088729,0.7169811320754718,0.19736842105263153,0.5454545454545454,0.6341463414634146,0.3333333333333339,0.4666666666666668,1
0.28260869565217384,0.3846153846153846,0.41666666666666663,0.09606986899563319,0.09890109890109888,0.07547169811320756,0.23529411764705876,0.5714285714285714,0.16666666666666674,0.38571428571428545,0.18947368421052624,0.1594724220623501,0.3899371069182389,0.35526315789473684,0.2727272727272727,0.21951219512195122,0.10000000000000053,0.033333333333333215,0
0.32608695652173925,0.1923076923076923,0.5138888888888888,0.22707423580786024,0.09890109890109888,0.09433962264150944,0.33333333333333326,0.4285714285714286,0.25,0.15714285714285703,0.28421052631578947,0.2529976019184652,0.19496855345911945,0.10526315789473684,0.045454545454545456,0.21951219512195122,0.5333333333333341,0.5666666666666664,1
0.652173913043478,0.8076923076923077,0.9305555555555554,0.37117903930131,0.09890109890109888,0.16981132075471697,0.7254901960784315,0.11428571428571421,0.6666666666666665,0.8,0.4999999999999999,0.6534772182254196,0.5723270440251573,0.14473684210526316,0.0,0.7073170731707318,0.36666666666666714,0.666666666666667,1
0.4782608695652173,0.15384615384615374,0.43055555555555547,0.2925764192139738,0.15384615384615385,0.1320754716981132,0.2941176470588236,0.48571428571428554,0.25,0.22857142857142843,0.25263157894736843,0.21702637889688245,0.10062893081761004,0.05263157894736836,0.2272727272727273,0.975609756097561,0.666666666666667,0.9000000000000004,2
0.34782608695652173,0.1923076923076923,0.4722222222222221,0.14847161572052403,0.13186813186813184,0.09433962264150944,0.1568627450980392,0.657142857142857,0.08333333333333348,0.2142857142857142,0.1947368421052631,0.11270983213429256,0.11949685534591192,0.17105263157894735,0.3181818181818182,0.17073170731707318,0.43333333333333357,0.40000000000000036,3
0.0652173913043479,0.1923076923076923,0.2499999999999999,0.09170305676855894,0.1208791208791209,0.056603773584905655,0.13725490196078427,0.7142857142857142,0.08333333333333348,0.12857142857142856,0.11578947368421044,0.0899280575539568,0.2264150943396226,0.36842105263157887,0.0,0.5121951219512195,0.0333333333333341,0.09999999999999964,1
0.4130434782608696,0.34615384615384603,0.48611111111111094,0.29694323144104806,0.1428571428571429,0.11320754716981132,0.2287581699346405,0.5428571428571427,0.16666666666666674,0.34285714285714275,0.231578947368421,0.16546762589928057,0.320754716981132,0.03947368421052633,1.0,0.24390243902439024,1.0,1.0,1
0.7391304347826089,0.8076923076923077,0.9444444444444444,0.5414847161572053,0.23076923076923073,0.18867924528301888,0.6928104575163399,0.1428571428571428,0.6666666666666665,0.7428571428571427,0.48947368421052617,0.618705035971223,0.7232704402515724,0.10526315789473684,0.5909090909090909,0.6097560975609756,0.4666666666666668,0.7666666666666666,2
0.26086956521739135,0.26923076923076916,0.48611111111111094,0.14410480349344978,0.09890109890109888,0.09433962264150944,0.261437908496732,0.5142857142857142,0.16666666666666674,0.22857142857142843,0.22631578947368414,0.1858513189448441,0.320754716981132,0.22368421052631582,0.3181818181818182,0.3902439024390244,0.20000000000000018,0.20000000000000018,2
0.32608695652173925,0.23076923076923062,0.5,0.222707423580786,0.1648351648351648,0.11320754716981132,0.1633986928104575,0.6285714285714286,0.08333333333333348,0.27142857142857135,0.13684210526315788,0.11630695443645081,0.09433962264150941,0.05263157894736836,0.13636363636363635,0.14634146341463417,0.8333333333333339,0.9333333333333336,3
0.34782608695652173,0.26923076923076916,0.6805555555555554,0.30567685589519655,0.1208791208791209,0.11320754716981132,0.4248366013071896,0.3142857142857143,0.3333333333333335,0.2142857142857142,0.3789473684210526,0.3441247002398081,0.28930817610062887,0.14473684210526316,0.3181818181818182,0.43902439024390244,0.43333333333333357,0.5,2
0.43478260869565233,0.26923076923076916,0.45833333333333326,0.15283842794759828,0.1208791208791209,0.07547169811320756,0.1568627450980392,0.657142857142857,0.08333333333333348,0.2857142857142856,0.18947368421052624,0.10911270983213431,0.17610062893081757,0.1842105263157895,0.0,0.0,0.36666666666666714,0.2333333333333334,3
0.34782608695652173,0.1153846153846152,0.4027777777777777,0.2532751091703057,0.17582417582417587,0.07547169811320756,0.18300653594771243,0.6285714285714286,0.08333333333333348,0.18571428571428572,0.17894736842105263,0.12829736211031176,0.10691823899371067,0.09210526315789469,0.045454545454545456,0.926829268292683,0.5666666666666673,0.7666666666666666,2
0.6956521739130435,0.7307692307692306,0.9305555555555554,0.44978165938864634,0.1428571428571429,0.16981132075471697,0.6928104575163399,0.1428571428571428,0.5833333333333335,0.7,0.4789473684210527,0.6199040767386091,0.5534591194968554,0.09210526315789469,0.0,0.4878048780487805,0.5,0.7333333333333334,1
0.4130434782608696,0.46153846153846145,0.5,0.2532751091703057,0.10989010989010983,0.09433962264150944,0.30718954248366015,0.4285714285714286,0.25,0.41428571428571437,0.28421052631578947,0.23621103117505995,0.4276729559748427,0.13157894736842102,0.36363636363636365,0.24390243902439024,0.4666666666666668,0.4666666666666668,2
0.5217391304347827,0.42307692307692313,0.7638888888888888,0.4279475982532751,0.20879120879120883,0.1320754716981132,0.49673202614379086,0.2571428571428571,0.41666666666666674,0.3714285714285712,0.4526315789473684,0.41007194244604317,0.4150943396226414,0.17105263157894735,0.6818181818181819,0.2682926829268293,0.4666666666666668,0.5333333333333332,2
0.7826086956521738,0.6153846153846154,0.875,0.3580786026200874,0.10989010989010983,0.16981132075471697,0.6143790849673203,0.17142857142857137,0.5,0.5428571428571429,0.43157894736842095,0.5347721822541966,0.4842767295597483,0.07894736842105265,0.5454545454545454,0.5121951219512195,0.5333333333333341,0.666666666666667,1
0.4782608695652173,0.5384615384615383,0.45833333333333326,0.3973799126637555,0.25274725274725274,0.09433962264150944,0.3594771241830066,0.34285714285714275,0.25,0.48571428571428554,0.28421052631578947,0.29496402877697847,0.4779874213836477,0.13157894736842102,0.4090909090909091,0.4634146341463415,0.8000000000000007,0.833333333333333,0
0.28260869565217384,0.3846153846153846,0.29166666666666663,0.06550218340611358,0.06593406593406592,0.11320754716981132,0.24836601307189543,0.5714285714285714,0.16666666666666674,0.3714285714285712,0.20526315789473681,0.1702637889688249,0.39622641509433953,0.3421052631578948,0.36363636363636365,0.1951219512195122,0.10000000000000053,0.033333333333333215,0
0.32608695652173925,0.5769230769230769,0.6944444444444444,0.3231441048034934,0.1428571428571429,0.11320754716981132,0.4117647058823528,0.34285714285714275,0.3333333333333335,0.48571428571428554,0.36842105263157887,0.3309352517985612,0.5597484276729561,0.11842105263157887,0.5909090909090909,0.3902439024390244,0.5333333333333341,0.5999999999999996,2
0.7391304347826089,0.846153846153846,0.875,0.27510917030567683,0.02197802197802201,0.09433962264150944,0.9150326797385622,0.02857142857142847,0.9166666666666665,0.7714285714285711,0.731578947368421,0.8633093525179856,0.8176100628930818,0.3157894736842105,0.2272727272727273,0.7317073170731707,0.10000000000000053,0.16666666666666696,0
0.6739130434782608,0.6153846153846154,0.9027777777777777,0.4585152838427947,0.15384615384615385,0.16981132075471697,0.6209150326797386,0.17142857142857137,0.5833333333333335,0.5571428571428572,0.45789473684210524,0.5431654676258992,0.371069182389937,0.06578947368421051,0.0,0.4634146341463415,0.5666666666666673,0.8666666666666663,2
0.36956521739130443,0.23076923076923062,0.23611111111111105,0.043668122270742404,0.01098901098901095,0.09433962264150944,0.15032679738562083,0.7142857142857142,0.08333333333333348,0.2999999999999998,0.13157894736842102,0.09232613908872903,0.26415094339622636,0.3421052631578948,0.5454545454545454,0.1951219512195122,0.2333333333333334,0.033333333333333215,3
0.5434782608695654,0.42307692307692313,0.6666666666666665,0.31441048034934505,0.21978021978021978,0.1509433962264151,0.30065359477124187,0.48571428571428554,0.25,0.44285714285714284,0.22631578947368414,0.21942446043165467,0.28301886792452824,0.09210526315789469,0.6363636363636364,0.21951219512195122,0.6000000000000005,0.7000000000000002,3
0.6304347826086958,0.846153846153846,0.8472222222222221,0.4759825327510917,0.21978021978021978,0.18867924528301888,0.718954248366013,0.11428571428571421,0.6666666666666665,0.8428571428571427,0.5052631578947367,0.6414868105515588,0.6540880503144655,0.1578947368421052,0.09090909090909091,0.5121951219512195,0.36666666666666714,0.5999999999999996,2
0.28260869565217384,0.26923076923076916,0.36111111111111105,0.15283842794759828,0.13186813186813184,0.09433962264150944,0.065359477124183,0.7999999999999998,0.0,0.2999999999999998,0.07894736842105254,0.049160671462829736,0.21383647798742134,0.05263157894736836,0.3181818181818182,0.2682926829268293,0.8666666666666671,0.9000000000000004,3
0.6086956521739131,0.6153846153846154,0.875,0.47161572052401746,0.21978021978021978,0.1509433962264151,0.5816993464052287,0.19999999999999996,0.5,0.5428571428571429,0.4473684210526315,0.5,0.4088050314465408,0.13157894736842102,0.18181818181818182,0.2682926829268293,0.43333333333333357,0.5,1
0.7826086956521738,0.846153846153846,0.7777777777777777,0.3799126637554585,0.10989010989010983,0.07547169811320756,0.8431372549019607,0.05714285714285705,0.75,0.7428571428571427,0.7210526315789473,0.8069544364508392,0.8364779874213837,0.3421052631578948,0.36363636363636365,0.21951219512195122,0.2666666666666666,0.09999999999999964,0
0.4130434782608696,0.46153846153846145,0.4722222222222221,0.36244541484716153,0.29670329670329676,0.09433962264150944,0.2941176470588236,0.4285714285714286,0.16666666666666674,0.357142857142857,0.2578947368421052,0.2290167865707434,0.46540880503144644,0.14473684210526316,0.36363636363636365,0.14634146341463417,0.6333333333333337,0.666666666666667,0
0.32608695652173925,0.038461538461538325,0.2499999999999999,0.15720524017467252,0.13186813186813184,0.07547169811320756,0.0980392156862745,0.7428571428571429,0.08333333333333348,0.17142857142857126,0.09473684210526312,0.07074340527577935,0.02515723270440251,0.05263157894736836,0.18181818181818182,0.24390243902439024,0.7666666666666666,0.833333333333333,3
0.43478260869565233,0.23076923076923062,0.6388888888888888,0.3318777292576419,0.13186813186813184,0.1320754716981132,0.3594771241830066,0.37142857142857144,0.25,0.22857142857142843,0.2947368421052631,0.28057553956834536,0.12578616352201255,0.05263157894736836,0.2727272727272727,0.41463414634146345,0.7000000000000002,0.7666666666666666,2
0.5,0.15384615384615374,0.4722222222222221,0.36244541484716153,0.23076923076923073,0.11320754716981132,0.30718954248366015,0.4571428571428571,0.25,0.22857142857142843,0.2789473684210526,0.23261390887290165,0.1572327044025157,0.13157894736842102,0.13636363636363635,0.3902439024390244,0.4666666666666668,0.5333333333333332,2
0.32608695652173925,0.3846153846153846,0.41666666666666663,0.3187772925764192,0.29670329670329676,0.32075471698113206,0.261437908496732,0.5142857142857142,0.16666666666666674,0.357142857142857,0.26315789473684204,0.18944844124700236,0.371069182389937,0.22368421052631582,0.045454545454545456,0.21951219512195122,0.3333333333333339,0.2666666666666666,0
0.32608695652173925,0.42307692307692313,0.6111111111111109,0.1353711790393013,0.08791208791208793,0.18867924528301888,0.2810457516339868,0.5142857142857142,0.25,0.5714285714285714,0.2421052631578947,0.20023980815347722,0.3459119496855345,0.21052631578947367,0.3181818181818182,0.2682926829268293,0.2333333333333334,0.4666666666666668,3
0.4130434782608696,0.26923076923076916,0.36111111111111105,0.030567685589519666,0.01098901098901095,0.09433962264150944,0.17647058823529405,0.6857142857142857,0.16666666666666674,0.3142857142857143,0.15263157894736834,0.11151079136690648,0.24528301886792447,0.3421052631578948,0.5454545454545454,0.4634146341463415,0.20000000000000018,0.06666666666666643,3
0.32608695652173925,0.42307692307692313,0.41666666666666663,0.20524017467248912,0.15384615384615385,0.11320754716981132,0.20261437908496727,0.5714285714285714,0.08333333333333348,0.357142857142857,0.17368421052631577,0.15227817745803354,0.40251572327044016,0.11842105263157887,0.3181818181818182,0.1951219512195122,0.666666666666667,0.7333333333333334,0
0.4565217391304346,0.23076923076923062,0.48611111111111094,0.3493449781659389,0.27472527472527475,0.11320754716981132,0.2810457516339868,0.4571428571428571,0.16666666666666674,0.2142857142857142,0.23684210526315785,0.21702637889688245,0.2264150943396226,0.14473684210526316,0.18181818181818182,0.12195121951219512,0.5333333333333341,0.6333333333333337,0
0.7391304347826089,0.6923076923076923,0.875,0.3406113537117904,0.09890109890109888,0.16981132075471697,0.6601307189542482,0.1428571428571428,0.5833333333333335,0.6285714285714283,0.5052631578947367,0.5863309352517986,0.679245283018868,0.17105263157894735,0.09090909090909091,0.0975609756097561,0.40000000000000036,0.5666666666666664,2
0.28260869565217384,0.1923076923076923,0.2499999999999999,0.06550218340611358,0.09890109890109888,0.03773584905660377,0.039215686274509776,0.8857142857142857,0.0,0.15714285714285703,0.05263157894736836,0.028776978417266175,0.270440251572327,0.2499999999999999,0.4090909090909091,0.04878048780487805,0.2666666666666666,0.16666666666666696,3
0.36956521739130443,0.23076923076923062,0.6805555555555554,0.33624454148471616,0.1648351648351648,0.11320754716981132,0.4117647058823528,0.34285714285714275,0.3333333333333335,0.19999999999999996,0.36842105263157887,0.3285371702637889,0.28301886792452824,0.14473684210526316,0.5,0.36585365853658536,0.43333333333333357,0.4666666666666668,2
0.28260869565217384,0.46153846153846145,0.36111111111111105,0.09606986899563319,0.10989010989010983,0.11320754716981132,0.23529411764705876,0.5714285714285714,0.16666666666666674,0.38571428571428545,0.21052631578947367,0.1642685851318945,0.4842767295597483,0.35526315789473684,0.0,0.17073170731707318,0.10000000000000053,0.033333333333333215,0
0.8695652173913042,0.5769230769230769,0.8055555555555554,0.4541484716157205,0.1648351648351648,0.1320754716981132,0.5947712418300652,0.19999999999999996,0.5,0.4714285714285713,0.4526315789473684,0.5143884892086331,0.46540880503144644,0.06578947368421051,0.7727272727272727,0.7073170731707318,0.5666666666666673,0.7666666666666666,2
0.30434782608695654,0.6153846153846154,0.6388888888888888,0.37554585152838427,0.18681318681318682,0.1320754716981132,0.4248366013071896,0.3142857142857143,0.3333333333333335,0.4999999999999998,0.3526315789473683,0.3441247002398081,0.628930817610063,0.10526315789473684,0.5,0.17073170731707318,0.5333333333333341,0.5999999999999996,1
0.7608695652173911,0.8846153846153848,0.8611111111111109,0.6200873362445414,0.3076923076923077,0.07547169811320756,0.8300653594771241,0.05714285714285705,0.75,0.7,0.7052631578947367,0.804556354916067,0.7484276729559749,0.3026315789473685,0.4090909090909091,0.3170731707317073,0.3333333333333339,0.13333333333333375,0
0.28260869565217384,0.26923076923076916,0.36111111111111105,0.14847161572052403,0.13186813186813184,0.03773584905660377,0.1633986928104575,0.657142857142857,0.08333333333333348,0.2142857142857142,0.16842105263157892,0.11390887290167864,0.26415094339622636,0.19736842105263153,0.2727272727272727,0.34146341463414637,0.3333333333333339,0.2999999999999998,2
0.26086956521739135,0.3846153846153846,0.36111111111111105,0.07423580786026207,0.07692307692307687,0.09433962264150944,0.24836601307189543,0.5714285714285714,0.16666666666666674,0.41428571428571437,0.20526315789473681,0.16786570743405274,0.4150943396226414,0.36842105263157887,0.0,0.12195121951219512,0.10000000000000053,0.033333333333333215,0
0.6086956521739131,0.8846153846153848,0.8472222222222221,0.554585152838428,0.27472527472527475,0.1509433962264151,0.6862745098039216,0.1428571428571428,0.5833333333333335,0.7571428571428569,0.5368421052631579,0.6163069544364508,0.6729559748427674,0.17105263157894735,0.09090909090909091,0.14634146341463417,0.36666666666666714,0.5333333333333332,2
0.6956521739130435,0.846153846153846,0.7777777777777777,0.33624454148471616,0.09890109890109888,0.1320754716981132,0.6993464052287581,0.11428571428571421,0.6666666666666665,0.8142857142857143,0.531578947368421,0.6342925659472421,0.6729559748427674,0.19736842105263153,0.18181818181818182,0.12195121951219512,0.36666666666666714,0.43333333333333357,1
0.32608695652173925,0.23076923076923062,0.6666666666666665,0.39301310043668125,0.2417582417582418,0.11320754716981132,0.36601307189542487,0.3999999999999999,0.25,0.2142857142857142,0.363157894736842,0.2781774580335731,0.26415094339622636,0.19736842105263153,0.13636363636363635,0.5365853658536586,0.3333333333333339,0.36666666666666714,1
0.8695652173913042,0.7692307692307694,0.7361111111111109,0.406113537117904,0.1648351648351648,0.16981132075471697,0.6797385620915033,0.1428571428571428,0.5833333333333335,0.6714285714285715,0.4789473684210527,0.60431654676259,0.5471698113207548,0.17105263157894735,0.2727272727272727,0.6097560975609756,0.40000000000000036,0.5999999999999996,2
0.34782608695652173,0.34615384615384603,0.48611111111111094,0.15720524017467252,0.08791208791208793,0.07547169811320756,0.21568627450980393,0.5714285714285714,0.16666666666666674,0.2999999999999998,0.21052631578947367,0.15347721822541963,0.35849056603773577,0.1578947368421052,0.6818181818181819,0.6341463414634146,0.5,0.5666666666666664,1
0.5434782608695654,0.07692307692307687,0.41666666666666663,0.3406113537117904,0.23076923076923073,0.056603773584905655,0.2810457516339868,0.4285714285714286,0.16666666666666674,0.08571428571428563,0.28421052631578947,0.224220623501199,0.05031446540880502,0.1578947368421052,0.13636363636363635,0.5365853658536586,0.8666666666666671,0.7999999999999998,0
0.6086956521739131,0.5769230769230769,0.625,0.3799126637554585,0.1428571428571429,0.16981132075471697,0.4117647058823528,0.34285714285714275,0.3333333333333335,0.4999999999999998,0.3263157894736842,0.3285371702637889,0.49056603773584895,0.03947368421052633,0.2272727272727273,0.5365853658536586,0.7000000000000002,0.9666666666666668,2
0.7608695652173911,0.8076923076923077,0.875,0.47161572052401746,0.19780219780219777,0.16981132075471697,0.6274509803921569,0.17142857142857137,0.5833333333333335,0.6285714285714283,0.5157894736842105,0.5563549160671463,0.8238993710691824,0.1578947368421052,0.4090909090909091,0.0,0.43333333333333357,0.5333333333333332,2
0.3913043478260869,0.26923076923076916,0.5972222222222221,0.2707423580786026,0.1428571428571429,0.11320754716981132,0.3137254901960784,0.4285714285714286,0.25,0.2142857142857142,0.31052631578947365,0.23860911270983212,0.28930817610062887,0.17105263157894735,0.2272727272727273,0.17073170731707318,0.3333333333333339,0.33333333333333304,2
0.5217391304347827,0.07692307692307687,0.36111111111111105,0.20524017467248912,0.18681318681318682,0.11320754716981132,0.10457516339869277,0.7428571428571429,0.08333333333333348,0.15714285714285703,0.09473684210526312,0.07434052757793766,0.018867924528301883,0.09210526315789469,0.2727272727272727,0.04878048780487805,0.6333333333333337,0.6333333333333337,3
0.6956521739130435,0.7692307692307694,0.9444444444444444,0.4454148471615721,0.17582417582417587,0.18867924528301888,0.718954248366013,0.1428571428571428,0.6666666666666665,0.7142857142857142,0.5052631578947367,0.6330935251798561,0.578616352201258,0.1578947368421052,0.6818181818181819,0.8536585365853658,0.43333333333333357,0.7333333333333334,2
0.4565217391304346,0.3846153846153846,0.4027777777777777,0.24890829694323147,0.13186813186813184,0.09433962264150944,0.261437908496732,0.48571428571428554,0.16666666666666674,0.357142857142857,0.23684210526315785,0.197841726618705,0.49056603773584895,0.10526315789473684,0.5454545454545454,0.2682926829268293,0.5666666666666673,0.5666666666666664,2
0.5,0.46153846153846145,0.6527777777777777,0.2838427947598253,0.21978021978021978,0.1509433962264151,0.27450980392156854,0.5142857142857142,0.16666666666666674,0.44285714285714284,0.1947368421052631,0.20023980815347722,0.4088050314465408,0.10526315789473684,0.4090909090909091,0.1951219512195122,0.5333333333333341,0.666666666666667,3
0.34782608695652173,0.5384615384615383,0.5555555555555556,0.11790393013100442,0.07692307692307687,0.16981132075471697,0.3137254901960784,0.48571428571428554,0.25,0.6428571428571426,0.23684210526315785,0.22182254196642684,0.4088050314465408,0.23684210526315785,0.045454545454545456,0.17073170731707318,0.20000000000000018,0.40000000000000036,3
0.7826086956521738,0.8076923076923077,0.875,0.5065502183406113,0.20879120879120883,0.16981132075471697,0.6666666666666667,0.1428571428571428,0.5833333333333335,0.7,0.5210526315789473,0.5911270983213429,0.6477987421383649,0.14473684210526316,0.045454545454545456,0.5609756097560976,0.40000000000000036,0.666666666666667,2
0.7826086956521738,0.7692307692307694,0.875,0.46288209606986896,0.17582417582417587,0.16981132075471697,0.6993464052287581,0.11428571428571421,0.6666666666666665,0.7714285714285711,0.5210526315789473,0.6270983213429256,0.6477987421383649,0.1578947368421052,0.2727272727272727,0.07317073170731708,0.40000000000000036,0.5999999999999996,2
0.5652173913043477,0.8076923076923077,0.8333333333333333,0.41484716157205237,0.1648351648351648,0.1320754716981132,0.5751633986928104,0.19999999999999996,0.5,0.6857142857142857,0.48421052631578954,0.4988009592326139,0.8301886792452831,0.14473684210526316,0.09090909090909091,0.17073170731707318,0.43333333333333357,0.5666666666666664,1
0.4130434782608696,0.5,0.5833333333333333,0.28820960698689957,0.1208791208791209,0.11320754716981132,0.3464052287581698,0.3999999999999999,0.25,0.44285714285714284,0.2684210526315789,0.2697841726618705,0.3459119496855345,0.02631578947368418,0.36363636363636365,0.2682926829268293,0.8000000000000007,0.9000000000000004,1
0.23913043478260865,0.1923076923076923,0.36111111111111105,0.14847161572052403,0.1648351648351648,0.07547169811320756,0.09150326797385622,0.7999999999999998,0.08333333333333348,0.19999999999999996,0.0736842105263158,0.05755395683453238,0.18867924528301883,0.14473684210526316,0.18181818181818182,0.17073170731707318,0.3000000000000007,0.2999999999999998,1
0.26086956521739135,0.34615384615384603,0.36111111111111105,0.06986899563318782,0.06593406593406592,0.09433962264150944,0.24183006535947704,0.5428571428571427,0.16666666666666674,0.38571428571428545,0.22631578947368414,0.16906474820143882,0.3396226415094339,0.3421052631578948,0.2272727272727273,0.0975609756097561,0.13333333333333375,0.033333333333333215,0
0.34782608695652173,0.1153846153846152,0.38888888888888884,0.16157205240174677,0.13186813186813184,0.11320754716981132,0.17647058823529405,0.5999999999999999,0.08333333333333348,0.17142857142857126,0.18947368421052624,0.12829736211031176,0.1132075471698113,0.1842105263157895,0.3181818181818182,0.024390243902439025,0.43333333333333357,0.5,3
0.7608695652173911,0.7692307692307694,0.8888888888888888,0.33624454148471616,0.09890109890109888,0.16981132075471697,0.7058823529411764,0.1428571428571428,0.6666666666666665,0.7,0.5052631578947367,0.6330935251798561,0.6603773584905661,0.17105263157894735,0.6818181818181819,0.43902439024390244,0.43333333333333357,0.5999999999999996,2
0.6739130434782608,0.8076923076923077,0.8472222222222221,0.406113537117904,0.18681318681318682,0.16981132075471697,0.6601307189542482,0.1428571428571428,0.5833333333333335,0.7714285714285711,0.4631578947368421,0.5815347721822541,0.7106918238993711,0.19736842105263153,0.6363636363636364,0.0975609756097561,0.36666666666666714,0.5,2
0.5869565217391304,0.6923076923076923,0.6805555555555554,0.41484716157205237,0.19780219780219777,0.07547169811320756,0.5816993464052287,0.17142857142857137,0.5,0.5857142857142856,0.46842105263157896,0.5251798561151079,0.6037735849056605,0.19736842105263153,0.2727272727272727,0.17073170731707318,0.5666666666666673,0.40000000000000036,0
0.26086956521739135,0.07692307692307687,0.33333333333333326,0.10917030567685593,0.10989010989010983,0.07547169811320756,0.02614379084967311,0.8857142857142857,0.0,0.09999999999999987,0.04210526315789476,0.01918465227817745,0.08805031446540879,0.07894736842105265,0.045454545454545456,0.5609756097560976,0.666666666666667,0.7333333333333334,3
0.5434782608695654,0.846153846153846,0.9444444444444444,0.2794759825327511,0.06593406593406592,0.16981132075471697,0.7320261437908497,0.11428571428571421,0.6666666666666665,0.857142857142857,0.531578947368421,0.6630695443645084,0.679245283018868,0.1842105263157895,0.36363636363636365,0.7317073170731707,0.36666666666666714,0.5666666666666664,1
0.23913043478260865,0.1923076923076923,0.4722222222222221,0.14847161572052403,0.10989010989010983,0.11320754716981132,0.17647058823529405,0.657142857142857,0.08333333333333348,0.12857142857142856,0.1578947368421052,0.1175059952038369,0.1132075471698113,0.17105263157894735,0.4090909090909091,0.4878048780487805,0.2333333333333334,0.33333333333333304,1
0.34782608695652173,0.1923076923076923,0.5277777777777777,0.2139737991266376,0.15384615384615385,0.09433962264150944,0.2222222222222222,0.5714285714285714,0.16666666666666674,0.12857142857142856,0.18947368421052624,0.15587529976019185,0.2075471698113207,0.13157894736842102,0.0,0.21951219512195122,0.36666666666666714,0.43333333333333357,1
0.6739130434782608,0.846153846153846,0.9027777777777777,0.519650655021834,0.25274725274725274,0.1509433962264151,0.7254901960784315,0.11428571428571421,0.6666666666666665,0.8428571428571427,0.563157894736842,0.6630695443645084,0.6855345911949686,0.21052631578947367,0.6363636363636364,0.2682926829268293,0.40000000000000036,0.5,1
0.23913043478260865,0.42307692307692313,0.3472222222222221,0.10480349344978168,0.08791208791208793,0.11320754716981132,0.24836601307189543,0.5714285714285714,0.16666666666666674,0.4285714285714286,0.20526315789473681,0.16906474820143882,0.42138364779874204,0.3026315789473685,0.045454545454545456,0.2682926829268293,0.10000000000000053,0.06666666666666643,0
0.15217391304347827,0.1153846153846152,0.4027777777777777,0.10043668122270744,0.09890109890109888,0.09433962264150944,0.10457516339869277,0.7714285714285714,0.08333333333333348,0.08571428571428563,0.08947368421052626,0.0671462829736211,0.15094339622641506,0.14473684210526316,0.09090909090909091,0.5121951219512195,0.2333333333333334,0.33333333333333304,1
0.34782608695652173,0.3846153846153846,0.5138888888888888,0.18777292576419213,0.07692307692307687,0.11320754716981132,0.20915032679738554,0.5714285714285714,0.16666666666666674,0.40000000000000013,0.17368421052631577,0.1486810551558753,0.4088050314465408,0.06578947368421051,0.5909090909090909,0.12195121951219512,0.6000000000000005,0.666666666666667,2
0.21739130434782616,0.26923076923076916,0.26388888888888884,0.05240174672489084,0.06593406593406592,0.09433962264150944,0.130718954248366,0.7428571428571429,0.08333333333333348,0.27142857142857135,0.07894736842105254,0.079136690647482,0.3018867924528301,0.32894736842105254,0.5454545454545454,0.14634146341463417,0.0333333333333341,0.06666666666666643,3
0.34782608695652173,0.6538461538461537,0.5972222222222221,0.3973799126637555,0.19780219780219777,0.07547169811320756,0.43137254901960786,0.3142857142857143,0.3333333333333335,0.5428571428571429,0.4052631578947369,0.35611510791366907,0.6352201257861636,0.1578947368421052,0.045454545454545456,0.14634146341463417,0.43333333333333357,0.43333333333333357,1
0.36956521739130443,0.26923076923076916,0.5972222222222221,0.3231441048034934,0.15384615384615385,0.11320754716981132,0.43137254901960786,0.3142857142857143,0.3333333333333335,0.19999999999999996,0.363157894736842,0.3453237410071942,0.3018867924528301,0.1578947368421052,0.045454545454545456,0.34146341463414637,0.36666666666666714,0.40000000000000036,1
0.32608695652173925,0.34615384615384603,0.36111111111111105,0.1266375545851529,0.10989010989010983,0.07547169811320756,0.07189542483660127,0.7999999999999998,0.0,0.3714285714285712,0.08947368421052626,0.0515587529976019,0.320754716981132,0.09210526315789469,0.36363636363636365,0.0975609756097561,0.5666666666666673,0.5666666666666664,3
0.43478260869565233,0.23076923076923062,0.3194444444444444,0.1834061135371179,0.1208791208791209,0.09433962264150944,0.10457516339869277,0.7428571428571429,0.08333333333333348,0.22857142857142843,0.09999999999999998,0.07434052757793766,0.30817610062893075,0.05263157894736836,0.4090909090909091,0.17073170731707318,0.7333333333333334,0.7666666666666666,2
0.5434782608695654,0.5,0.5138888888888888,0.41484716157205237,0.2637362637362638,0.09433962264150944,0.3529411764705883,0.37142857142857144,0.25,0.4571428571428571,0.28421052631578947,0.2853717026378897,0.44654088050314455,0.13157894736842102,0.5909090909090909,0.21951219512195122,0.8000000000000007,0.7333333333333334,0
0.5869565217391304,0.6923076923076923,0.9583333333333333,0.554585152838428,0.25274725274725274,0.16981132075471697,0.7058823529411764,0.11428571428571421,0.6666666666666665,0.6428571428571426,0.5684210526315788,0.645083932853717,0.6100628930817611,0.1842105263157895,0.5,0.4634146341463415,0.43333333333333357,0.5666666666666664,1
0.36956521739130443,0.1153846153846152,0.625,0.3493449781659389,0.18681318681318682,0.07547169811320756,0.3137254901960784,0.4285714285714286,0.25,0.09999999999999987,0.29999999999999993,0.2410071942446043,0.18867924528301883,0.09210526315789469,0.4090909090909091,0.7560975609756098,0.6333333333333337,0.7333333333333334,2
0.23913043478260865,0.15384615384615374,0.41666666666666663,0.20087336244541487,0.15384615384615385,0.09433962264150944,0.1633986928104575,0.657142857142857,0.08333333333333348,0.3142857142857143,0.13684210526315788,0.11270983213429256,0.07547169811320753,0.06578947368421051,0.0,0.5609756097560976,0.666666666666667,0.7999999999999998,3
0.28260869565217384,0.23076923076923062,0.30555555555555547,0.10917030567685593,0.13186813186813184,0.07547169811320756,0.02614379084967311,0.8857142857142857,0.0,0.24285714285714288,0.0368421052631579,0.02278177458033573,0.2264150943396226,0.06578947368421051,0.3181818181818182,0.21951219512195122,0.7666666666666666,0.7666666666666666,3
0.26086956521739135,0.1923076923076923,0.4444444444444444,0.11353711790393017,0.06593406593406592,0.1320754716981132,0.14379084967320255,0.7142857142857142,0.08333333333333348,0.19999999999999996,0.07894736842105254,0.09232613908872903,0.08805031446540879,0.07894736842105265,0.045454545454545456,0.5853658536585367,0.40000000000000036,0.5666666666666664,1
0.30434782608695654,0.34615384615384603,0.2777777777777777,0.05240174672489084,0.04395604395604391,0.07547169811320756,0.24836601307189543,0.5714285714285714,0.16666666666666674,0.3285714285714285,0.20526315789473681,0.16786570743405274,0.3899371069182389,0.3421052631578948,0.09090909090909091,0.34146341463414637,0.06666666666666732,0.033333333333333215,0
0.652173913043478,0.8846153846153848,0.9027777777777777,0.34497816593886466,0.13186813186813184,0.1509433962264151,0.6405228758169934,0.17142857142857137,0.5833333333333335,0.7857142857142858,0.45789473684210524,0.5563549160671463,0.6855345911949686,0.17105263157894735,0.5909090909090909,0.5365853658536586,0.40000000000000036,0.5,1
0.36956521739130443,0.6153846153846154,0.625,0.16157205240174677,0.10989010989010983,0.16981132075471697,0.30718954248366015,0.48571428571428554,0.25,0.7,0.22631578947368414,0.21702637889688245,0.4842767295597483,0.21052631578947367,0.045454545454545456,0.2682926829268293,0.20000000000000018,0.36666666666666714,3
0.15217391304347827,0.038461538461538325,0.02777777777777768,0.02620087336244542,0.10989010989010983,0.01886792452830189,0.013071895424836555,0.9428571428571428,0.0,0.014285714285714235,0.0052631578947368585,0.008393285371702641,0.07547169811320753,0.36842105263157887,0.18181818181818182,0.17073170731707318,0.10000000000000053,0.06666666666666643,1
0.4130434782608696,0.15384615384615374,0.48611111111111094,0.3799126637554585,0.2637362637362638,0.07547169811320756,0.3202614379084967,0.3999999999999999,0.25,0.1428571428571428,0.26315789473684204,0.25059952038369304,0.16352201257861632,0.13157894736842102,0.045454545454545456,0.34146341463414637,0.6333333333333337,0.7000000000000002,0
0.26086956521739135,0.0,0.13888888888888884,0.0,0.06593406593406592,0.03773584905660377,0.019607843137254832,0.9428571428571428,0.0,0.0,0.03157894736842104,0.010791366906474809,0.1132075471698113,0.3157894736842105,0.045454545454545456,0.7317073170731707,0.10000000000000053,0.13333333333333375,2
0.32608695652173925,0.038461538461538325,0.4027777777777777,0.20960698689956336,0.10989010989010983,0.056603773584905655,0.16993464052287577,0.6285714285714286,0.08333333333333348,0.05714285714285716,0.1473684210526316,0.11990407673860912,0.0691823899371069,0.03947368421052633,0.4090909090909091,0.7073170731707318,0.9333333333333336,0.9666666666666668,1
0.4130434782608696,0.34615384615384603,0.4027777777777777,0.2139737991266376,0.1208791208791209,0.11320754716981132,0.18300653594771243,0.6285714285714286,0.08333333333333348,0.2857142857142856,0.1842105263157895,0.12709832134292567,0.26415094339622636,0.06578947368421051,0.4545454545454546,0.5121951219512195,0.7666666666666666,0.833333333333333,1
0.21739130434782616,0.15384615384615374,0.12499999999999989,0.03493449781659391,0.08791208791208793,0.056603773584905655,0.065359477124183,0.8285714285714285,0.0,0.1428571428571428,0.0736842105263158,0.04196642685851318,0.23270440251572322,0.3421052631578948,0.36363636363636365,0.3902439024390244,0.13333333333333375,0.09999999999999964,3
0.5434782608695654,0.23076923076923062,0.38888888888888884,0.13973799126637554,0.09890109890109888,0.11320754716981132,0.12418300653594772,0.7428571428571429,0.08333333333333348,0.3714285714285712,0.15263157894736834,0.08033573141486808,0.1572327044025157,0.17105263157894735,0.18181818181818182,0.24390243902439024,0.3333333333333339,0.20000000000000018,3
0.5217391304347827,0.846153846153846,0.7777777777777777,0.28820960698689957,0.07692307692307687,0.1509433962264151,0.6797385620915033,0.1428571428571428,0.5833333333333335,0.7857142857142858,0.46842105263157896,0.6007194244604316,0.6855345911949686,0.21052631578947367,0.0,0.0975609756097561,0.2666666666666666,0.40000000000000036,1
0.7608695652173911,0.8846153846153848,0.875,0.5676855895196506,0.2857142857142857,0.1509433962264151,0.7124183006535947,0.11428571428571421,0.6666666666666665,0.8,0.5368421052631579,0.6402877697841727,0.6603773584905661,0.1842105263157895,0.36363636363636365,0.07317073170731708,0.36666666666666714,0.5333333333333332,2
0.36956521739130443,0.5769230769230769,0.5694444444444444,0.1746724890829694,0.1428571428571429,0.1320754716981132,0.24836601307189543,0.5142857142857142,0.16666666666666674,0.5428571428571429,0.22631578947368414,0.17865707434052755,0.5723270440251573,0.21052631578947367,0.09090909090909091,0.0,0.3000000000000007,0.4666666666666668,3
0.5,0.26923076923076916,0.8333333333333333,0.3231441048034934,0.1208791208791209,0.11320754716981132,0.4509803921568627,0.3142857142857143,0.3333333333333335,0.22857142857142843,0.39473684210526316,0.3621103117505995,0.320754716981132,0.11842105263157887,0.2272727272727273,0.8292682926829269,0.5333333333333341,0.7000000000000002,2
0.7173913043478262,0.7307692307692306,0.9444444444444444,0.44978165938864634,0.18681318681318682,0.18867924528301888,0.7124183006535947,0.1428571428571428,0.6666666666666665,0.7142857142857142,0.5210526315789473,0.6294964028776978,0.5723270440251573,0.1842105263157895,1.0,0.926829268292683,0.4666666666666668,0.7999999999999998,2
0.23913043478260865,0.1153846153846152,0.48611111111111094,0.13973799126637554,0.08791208791208793,0.07547169811320756,0.18300653594771243,0.6285714285714286,0.08333333333333348,0.09999999999999987,0.18947368421052624,0.12709832134292567,0.1823899371069182,0.1578947368421052,0.18181818181818182,0.8780487804878049,0.43333333333333357,0.4666666666666668,2
0.6739130434782608,0.7692307692307694,0.8472222222222221,0.37554585152838427,0.17582417582417587,0.1509433962264151,0.6601307189542482,0.17142857142857137,0.5833333333333335,0.6857142857142857,0.4631578947368421,0.5755395683453237,0.5849056603773586,0.19736842105263153,0.5909090909090909,0.5121951219512195,0.40000000000000036,0.5666666666666664,2
0.21739130434782616,0.42307692307692313,0.41666666666666663,0.2707423580786026,0.2417582417582418,0.056603773584905655,0.20261437908496727,0.5714285714285714,0.08333333333333348,0.357142857142857,0.18947368421052624,0.14628297362110312,0.3836477987421383,0.13157894736842102,0.3181818181818182,0.14634146341463417,0.40000000000000036,0.40000000000000036,0
0.32608695652173925,0.42307692307692313,0.43055555555555547,0.26637554585152845,0.25274725274725274,0.09433962264150944,0.20915032679738554,0.5714285714285714,0.16666666666666674,0.3285714285714285,0.1947368421052631,0.15347721822541963,0.39622641509433953,0.1578947368421052,0.18181818181818182,0.0975609756097561,0.40000000000000036,0.40000000000000036,0
0.36956521739130443,0.34615384615384603,0.3194444444444444,0.1746724890829694,0.13186813186813184,0.09433962264150944,0.12418300653594772,0.6857142857142857,0.08333333333333348,0.34285714285714275,0.12631578947368416,0.0899280575539568,0.33333333333333326,0.07894736842105265,0.6818181818181819,0.07317073170731708,0.7000000000000002,0.7666666666666666,3
0.28260869565217384,0.26923076923076916,0.3194444444444444,0.1353711790393013,0.09890109890109888,0.056603773584905655,0.13725490196078427,0.6857142857142857,0.08333333333333348,0.24285714285714288,0.11578947368421044,0.09352517985611511,0.35849056603773577,0.14473684210526316,0.4090909090909091,0.04878048780487805,0.36666666666666714,0.33333333333333304,2
0.652173913043478,0.6153846153846154,0.9305555555555554,0.32751091703056767,0.07692307692307687,0.18867924528301888,0.6274509803921569,0.17142857142857137,0.5833333333333335,0.5857142857142856,0.44210526315789467,0.5515587529976019,0.46540880503144644,0.09210526315789469,0.045454545454545456,0.29268292682926833,0.5,0.6333333333333337,1
0.28260869565217384,0.42307692307692313,0.41666666666666663,0.15720524017467252,0.18681318681318682,0.07547169811320756,0.23529411764705876,0.5428571428571427,0.16666666666666674,0.38571428571428545,0.21052631578947367,0.16546762589928057,0.4779874213836477,0.3026315789473685,0.4545454545454546,0.024390243902439025,0.16666666666666696,0.06666666666666643,0
0.17391304347826098,0.1923076923076923,0.18055555555555547,0.08296943231441045,0.1208791208791209,0.07547169811320756,0.14379084967320255,0.7142857142857142,0.08333333333333348,0.1428571428571428,0.08947368421052626,0.0899280575539568,0.24528301886792447,0.3157894736842105,0.4545454545454546,0.14634146341463417,0.0333333333333341,0.09999999999999964,1
0.5217391304347827,0.3076923076923077,0.30555555555555547,0.1266375545851529,0.09890109890109888,0.09433962264150944,0.11764705882352933,0.7428571428571429,0.08333333333333348,0.357142857142857,0.1473684210526316,0.07553956834532374,0.3018867924528301,0.2499999999999999,0.2272727272727273,0.17073170731707318,0.2666666666666666,0.16666666666666696,3
0.5,0.3076923076923077,0.4027777777777777,0.2139737991266376,0.09890109890109888,0.09433962264150944,0.1895424836601307,0.5999999999999999,0.08333333333333348,0.3285714285714285,0.16842105263157892,0.13549160671462826,0.37735849056603765,0.02631578947368418,0.5,0.1951219512195122,0.8666666666666671,0.9333333333333336,2
0.28260869565217384,0.42307692307692313,0.3472222222222221,0.10917030567685593,0.09890109890109888,0.07547169811320756,0.261437908496732,0.5428571428571427,0.16666666666666674,0.4571428571428571,0.19999999999999996,0.17625899280575538,0.4276729559748427,0.3157894736842105,0.18181818181818182,0.3170731707317073,0.06666666666666732,0.06666666666666643,0
0.5217391304347827,0.6153846153846154,0.5,0.43231441048034935,0.2857142857142857,0.09433962264150944,0.43137254901960786,0.2857142857142856,0.3333333333333335,0.5571428571428572,0.33684210526315794,0.3633093525179856,0.4842767295597483,0.17105263157894735,0.0,0.17073170731707318,0.7000000000000002,0.6333333333333337,0
0.7608695652173911,0.846153846153846,0.9027777777777777,0.5502183406113537,0.23076923076923073,0.16981132075471697,0.6928104575163399,0.11428571428571421,0.5833333333333335,0.7571428571428569,0.5157894736842105,0.6294964028776978,0.6352201257861636,0.13157894736842102,0.6363636363636364,0.0975609756097561,0.4666666666666668,0.5333333333333332,1
0.3913043478260869,0.7307692307692306,0.8055555555555554,0.40174672489082974,0.1648351648351648,0.1320754716981132,0.5294117647058822,0.22857142857142854,0.41666666666666674,0.6142857142857141,0.4526315789473684,0.4532374100719424,0.8490566037735849,0.13157894736842102,0.13636363636363635,0.024390243902439025,0.4666666666666668,0.5999999999999996,1
0.23913043478260865,0.3846153846153846,0.5,0.3318777292576419,0.3076923076923077,0.09433962264150944,0.2810457516339868,0.48571428571428554,0.16666666666666674,0.357142857142857,0.26315789473684204,0.20983213429256595,0.40251572327044016,0.23684210526315785,0.2272727272727273,0.29268292682926833,0.3000000000000007,0.2999999999999998,0
0.4782608695652173,0.5,0.8888888888888888,0.4541484716157205,0.20879120879120883,0.1320754716981132,0.5163398692810457,0.2571428571428571,0.41666666666666674,0.4285714285714286,0.42105263157894723,0.4304556354916067,0.37735849056603765,0.11842105263157887,0.0,0.6829268292682927,0.4666666666666668,0.6333333333333337,2
0.4782608695652173,0.3846153846153846,0.5972222222222221,0.4104803493449781,0.2417582417582418,0.07547169811320756,0.4248366013071896,0.2857142857142856,0.3333333333333335,0.2999999999999998,0.31052631578947365,0.3597122302158273,0.3396226415094339,0.11842105263157887,0.2727272727272727,0.0975609756097561,0.666666666666667,0.5666666666666664,0
0.5,0.5,0.6666666666666665,0.24454148471615722,0.18681318681318682,0.1320754716981132,0.2549019607843137,0.5142857142857142,0.16666666666666674,0.4285714285714286,0.22631578947368414,0.1858513189448441,0.4591194968553458,0.14473684210526316,0.6818181818181819,0.2682926829268293,0.5333333333333341,0.5999999999999996,3
0.28260869565217384,0.42307692307692313,0.5138888888888888,0.222707423580786,0.1428571428571429,0.09433962264150944,0.261437908496732,0.5142857142857142,0.16666666666666674,0.3285714285714285,0.231578947368421,0.19304556354916066,0.32704402515723263,0.17105263157894735,0.4090909090909091,0.0,0.36666666666666714,0.36666666666666714,1
0.36956521739130443,0.1923076923076923,0.5416666666666665,0.35371179039301315,0.2417582417582418,0.07547169811320756,0.3137254901960784,0.3999999999999999,0.25,0.17142857142857126,0.25263157894736843,0.25059952038369304,0.15094339622641506,0.09210526315789469,0.09090909090909091,0.34146341463414637,0.7333333333333334,0.7999999999999998,0
0.26086956521739135,0.1923076923076923,0.48611111111111094,0.12227074235807867,0.07692307692307687,0.09433962264150944,0.2287581699346405,0.5714285714285714,0.16666666666666674,0.18571428571428572,0.21578947368421053,0.16067146282973618,0.2264150943396226,0.21052631578947367,0.3181818181818182,0.6097560975609756,0.2333333333333334,0.2333333333333334,2
0.6956521739130435,0.7692307692307694,0.9027777777777777,0.3493449781659389,0.10989010989010983,0.16981132075471697,0.6470588235294117,0.1428571428571428,0.5833333333333335,0.7142857142857142,0.49473684210526303,0.5719424460431655,0.6855345911949686,0.1578947368421052,0.0,0.36585365853658536,0.3333333333333339,0.5333333333333332,2
0.5434782608695654,0.846153846153846,0.8888888888888888,0.4759825327510917,0.21978021978021978,0.1320754716981132,0.6143790849673203,0.17142857142857137,0.5,0.7,0.48947368421052617,0.5335731414868106,0.6981132075471699,0.17105263157894735,0.2272727272727273,0.4634146341463415,0.36666666666666714,0.5,2
0.26086956521739135,0.26923076923076916,0.36111111111111105,0.13973799126637554,0.1208791208791209,0.07547169811320756,0.196078431372549,0.6285714285714286,0.16666666666666674,0.27142857142857135,0.17894736842105263,0.1330935251798561,0.3459119496855345,0.23684210526315785,0.09090909090909091,0.5365853658536586,0.20000000000000018,0.16666666666666696,2
0.5217391304347827,0.15384615384615374,0.5277777777777777,0.33624454148471616,0.1648351648351648,0.11320754716981132,0.3202614379084967,0.4285714285714286,0.25,0.18571428571428572,0.27368421052631575,0.24580335731414868,0.05031446540880502,0.03947368421052633,0.09090909090909091,0.6829268292682927,0.9000000000000004,1.0,1
0.5217391304347827,0.3076923076923077,0.7222222222222221,0.406113537117904,0.17582417582417587,0.1509433962264151,0.43790849673202614,0.3142857142857143,0.3333333333333335,0.3142857142857143,0.3526315789473683,0.35611510791366907,0.16981132075471694,0.05263157894736836,0.18181818181818182,0.07317073170731708,0.7000000000000002,0.7666666666666666,1
0.5869565217391304,0.5384615384615383,0.6666666666666665,0.37554585152838427,0.1428571428571429,0.1509433962264151,0.3856209150326797,0.34285714285714275,0.3333333333333335,0.5285714285714287,0.2947368421052631,0.3069544364508393,0.37735849056603765,0.0,0.6818181818181819,0.43902439024390244,0.8333333333333339,0.9666666666666668,2
0.28260869565217384,0.07692307692307687,0.05555555555555547,0.02620087336244542,0.07692307692307687,0.0,0.04575163398692805,0.8857142857142857,0.0,0.042857142857142705,0.047368421052631504,0.028776978417266175,0.17610062893081757,0.4078947368421052,0.2727272727272727,0.024390243902439025,0.13333333333333375,0.06666666666666643,3
0.23913043478260865,0.34615384615384603,0.5,0.22707423580786024,0.18681318681318682,0.09433962264150944,0.2549019607843137,0.5142857142857142,0.16666666666666674,0.357142857142857,0.2578947368421052,0.1858513189448441,0.3018867924528301,0.21052631578947367,0.0,0.4878048780487805,0.36666666666666714,0.40000000000000036,0
0.34782608695652173,0.46153846153846145,0.625,0.19650655021834063,0.13186813186813184,0.16981132075471697,0.30065359477124187,0.48571428571428554,0.25,0.5714285714285714,0.24736842105263157,0.2134292565947242,0.40251572327044016,0.21052631578947367,0.5454545454545454,0.3902439024390244,0.2333333333333334,0.40000000000000036,3
0.3913043478260869,0.23076923076923062,0.5138888888888888,0.2139737991266376,0.13186813186813184,0.11320754716981132,0.17647058823529405,0.6285714285714286,0.08333333333333348,0.2999999999999998,0.15263157894736834,0.12589928057553953,0.08805031446540879,0.03947368421052633,0.36363636363636365,0.41463414634146345,0.8333333333333339,0.9333333333333336,3
0.5,0.6538461538461537,0.75,0.4847161572052402,0.21978021978021978,0.1320754716981132,0.4901960784313726,0.2571428571428571,0.41666666666666674,0.5714285714285714,0.44210526315789467,0.4088729016786571,0.6603773584905661,0.10526315789473684,0.36363636363636365,0.14634146341463417,0.5666666666666673,0.666666666666667,2
0.32608695652173925,0.07692307692307687,0.2777777777777777,0.17030567685589526,0.13186813186813184,0.09433962264150944,0.10457516339869277,0.7428571428571429,0.08333333333333348,0.15714285714285703,0.08947368421052626,0.07434052757793766,0.0,0.03947368421052633,0.045454545454545456,0.14634146341463417,0.8666666666666671,0.9333333333333336,3
0.8043478260869565,0.5,0.8333333333333333,0.406113537117904,0.15384615384615385,0.1320754716981132,0.5294117647058822,0.22857142857142854,0.41666666666666674,0.44285714285714284,0.4157894736842104,0.4520383693045563,0.320754716981132,0.07894736842105265,0.5,0.17073170731707318,0.6000000000000005,0.7333333333333334,2
0.30434782608695654,0.3076923076923077,0.36111111111111105,0.15720524017467252,0.1208791208791209,0.07547169811320756,0.23529411764705876,0.5714285714285714,0.16666666666666674,0.2571428571428571,0.17894736842105263,0.16067146282973618,0.4339622641509433,0.26315789473684215,0.8636363636363636,0.04878048780487805,0.16666666666666696,0.13333333333333375,2
0.34782608695652173,0.5384615384615383,0.5972222222222221,0.2838427947598253,0.15384615384615385,0.11320754716981132,0.33986928104575154,0.3999999999999999,0.25,0.4571428571428571,0.31052631578947365,0.2613908872901678,0.5094339622641508,0.17105263157894735,0.3181818181818182,0.24390243902439024,0.36666666666666714,0.40000000000000036,2
0.36956521739130443,0.3846153846153846,0.4444444444444444,0.23144104803493448,0.18681318681318682,0.11320754716981132,0.1568627450980392,0.657142857142857,0.08333333333333348,0.38571428571428545,0.1473684210526316,0.11390887290167864,0.3647798742138364,0.06578947368421051,0.18181818181818182,0.14634146341463417,0.8333333333333339,0.9333333333333336,3
0.36956521739130443,0.5384615384615383,0.625,0.24890829694323147,0.18681318681318682,0.1509433962264151,0.33333333333333326,0.4571428571428571,0.25,0.5999999999999999,0.24736842105263157,0.24580335731414868,0.4779874213836477,0.1842105263157895,0.4090909090909091,0.0,0.3000000000000007,0.4666666666666668,3
0.6304347826086958,0.3846153846153846,0.7777777777777777,0.406113537117904,0.17582417582417587,0.1509433962264151,0.47712418300653603,0.2857142857142856,0.41666666666666674,0.34285714285714275,0.3789473684210526,0.39448441247002397,0.18867924528301883,0.07894736842105265,0.36363636363636365,0.29268292682926833,0.6333333333333337,0.7666666666666666,1
0.8043478260869565,0.7692307692307694,0.8888888888888888,0.519650655021834,0.20879120879120883,0.1509433962264151,0.6470588235294117,0.17142857142857137,0.5833333333333335,0.6571428571428573,0.48947368421052617,0.5695443645083933,0.6352201257861636,0.10526315789473684,0.2272727272727273,0.3902439024390244,0.4666666666666668,0.7333333333333334,2
0.4565217391304346,0.5,0.7083333333333333,0.3100436681222708,0.25274725274725274,0.18867924528301888,0.2941176470588236,0.48571428571428554,0.25,0.5285714285714287,0.22105263157894728,0.20863309352517986,0.5220125786163523,0.13157894736842102,0.6818181818181819,0.5121951219512195,0.4666666666666668,0.6333333333333337,3
0.26086956521739135,0.42307692307692313,0.36111111111111105,0.09170305676855894,0.1208791208791209,0.07547169811320756,0.23529411764705876,0.5428571428571427,0.16666666666666674,0.38571428571428545,0.21052631578947367,0.16666666666666666,0.4779874213836477,0.32894736842105254,0.36363636363636365,0.024390243902439025,0.13333333333333375,0.06666666666666643,0
0.4782608695652173,0.6923076923076923,0.7777777777777777,0.40174672489082974,0.17582417582417587,0.1320754716981132,0.5098039215686274,0.2571428571428571,0.41666666666666674,0.6142857142857141,0.41052631578947374,0.4304556354916067,0.7924528301886793,0.11842105263157887,0.5909090909090909,0.0,0.5,0.5666666666666664,1
0.652173913043478,0.3076923076923077,0.5972222222222221,0.39301310043668125,0.17582417582417587,0.1320754716981132,0.4117647058823528,0.34285714285714275,0.3333333333333335,0.34285714285714275,0.363157894736842,0.3249400479616307,0.1823899371069182,0.07894736842105265,0.3181818181818182,0.7317073170731707,0.7000000000000002,0.833333333333333,1
0.5217391304347827,0.5384615384615383,0.6666666666666665,0.34497816593886466,0.1428571428571429,0.09433962264150944,0.5555555555555556,0.19999999999999996,0.5,0.4285714285714286,0.44210526315789467,0.4940047961630696,0.578616352201258,0.19736842105263153,0.36363636363636365,0.0,0.5333333333333341,0.33333333333333304,0
0.3913043478260869,0.07692307692307687,0.36111111111111105,0.24017467248908297,0.13186813186813184,0.09433962264150944,0.2287581699346405,0.5428571428571427,0.16666666666666674,0.18571428571428572,0.20526315789473681,0.16546762589928057,0.08805031446540879,0.06578947368421051,0.045454545454545456,0.024390243902439025,0.7000000000000002,0.7333333333333334,1
0.5869565217391304,0.9615384615384615,0.9583333333333333,0.5502183406113537,0.25274725274725274,0.16981132075471697,0.7450980392156863,0.11428571428571421,0.6666666666666665,0.9142857142857144,0.5473684210526316,0.6810551558752997,0.6163522012578617,0.17105263157894735,0.0,0.3170731707317073,0.36666666666666714,0.5666666666666664,1
0.19565217391304346,0.3846153846153846,0.45833333333333326,0.23580786026200873,0.23076923076923073,0.09433962264150944,0.2549019607843137,0.5142857142857142,0.16666666666666674,0.38571428571428545,0.2684210526315789,0.18345323741007194,0.40251572327044016,0.2763157894736842,0.09090909090909091,0.41463414634146345,0.2333333333333334,0.2333333333333334,0
0.28260869565217384,0.46153846153846145,0.41666666666666663,0.07860262008733632,0.09890109890109888,0.09433962264150944,0.23529411764705876,0.5428571428571427,0.16666666666666674,0.3714285714285712,0.21052631578947367,0.16786570743405274,0.4842767295597483,0.32894736842105254,0.4090909090909091,0.12195121951219512,0.13333333333333375,0.06666666666666643,0
0.34782608695652173,0.3076923076923077,0.5,0.34497816593886466,0.2857142857142857,0.09433962264150944,0.2941176470588236,0.4571428571428571,0.16666666666666674,0.2571428571428571,0.2684210526315789,0.22661870503597123,0.2767295597484276,0.19736842105263153,0.36363636363636365,0.29268292682926833,0.5,0.4666666666666668,0
0.36956521739130443,0.5,0.45833333333333326,0.14410480349344978,0.1208791208791209,0.16981132075471697,0.3202614379084967,0.48571428571428554,0.25,0.5714285714285714,0.21052631578947367,0.22661870503597123,0.4842767295597483,0.22368421052631582,0.0,0.21951219512195122,0.20000000000000018,0.40000000000000036,3
0.8043478260869565,0.8846153846153848,0.9583333333333333,0.41484716157205237,0.10989010989010983,0.056603773584905655,0.9084967320261437,0.02857142857142847,0.8333333333333335,0.7285714285714284,0.7473684210526316,0.8920863309352518,1.0,0.3026315789473685,0.5,0.24390243902439024,0.2333333333333334,0.06666666666666643,0
0.5652173913043477,0.1923076923076923,0.4722222222222221,0.3493449781659389,0.20879120879120883,0.07547169811320756,0.33986928104575154,0.37142857142857144,0.25,0.18571428571428572,0.3315789473684211,0.2757793764988009,0.17610062893081757,0.1578947368421052,0.09090909090909091,0.5365853658536586,0.8000000000000007,0.7000000000000002,0
0.26086956521739135,0.34615384615384603,0.36111111111111105,0.06986899563318782,0.06593406593406592,0.09433962264150944,0.24183006535947704,0.5714285714285714,0.16666666666666674,0.357142857142857,0.20526315789473681,0.1642685851318945,0.320754716981132,0.3421052631578948,0.4545454545454546,0.17073170731707318,0.13333333333333375,0.033333333333333215,0
0.32608695652173925,0.26923076923076916,0.4027777777777777,0.1834061135371179,0.13186813186813184,0.09433962264150944,0.11764705882352933,0.7142857142857142,0.08333333333333348,0.22857142857142843,0.08947368421052626,0.08153477218225416,0.22012578616352196,0.06578947368421051,0.045454545454545456,0.024390243902439025,0.5666666666666673,0.6333333333333337,1
0.7173913043478262,0.9230769230769231,0.9305555555555554,0.5720524017467248,0.21978021978021978,0.07547169811320756,0.9803921568627452,0.0,0.9166666666666665,0.7571428571428569,0.8157894736842105,0.9628297362110312,0.949685534591195,0.35526315789473684,0.4090909090909091,0.7560975609756098,0.13333333333333375,0.09999999999999964,0
0.34782608695652173,0.07692307692307687,0.16666666666666663,0.07423580786026207,0.10989010989010983,0.03773584905660377,0.065359477124183,0.8285714285714285,0.0,0.09999999999999987,0.047368421052631504,0.04316546762589926,0.11949685534591192,0.3026315789473685,0.2272727272727273,0.3170731707317073,0.16666666666666696,0.09999999999999964,2
0.6956521739130435,0.6923076923076923,0.9027777777777777,0.406113537117904,0.1428571428571429,0.16981132075471697,0.5163398692810457,0.2571428571428571,0.41666666666666674,0.6285714285714283,0.4052631578947369,0.43285371702637887,0.5345911949685536,0.06578947368421051,0.8181818181818182,0.0975609756097561,0.666666666666667,0.7999999999999998,2
0.28260869565217384,0.46153846153846145,0.43055555555555547,0.28820960698689957,0.25274725274725274,0.07547169811320756,0.2222222222222222,0.5428571428571427,0.16666666666666674,0.40000000000000013,0.22105263157894728,0.1642685851318945,0.5031446540880502,0.1578947368421052,0.4545454545454546,0.1951219512195122,0.36666666666666714,0.33333333333333304,0
0.7608695652173911,0.6923076923076923,0.8333333333333333,0.4454148471615721,0.17582417582417587,0.1509433962264151,0.5490196078431373,0.22857142857142854,0.5,0.5857142857142856,0.44210526315789467,0.4700239808153477,0.578616352201258,0.07894736842105265,0.3181818181818182,0.3902439024390244,0.6000000000000005,0.7999999999999998,2
0.36956521739130443,0.5,0.48611111111111094,0.1266375545851529,0.08791208791208793,0.16981132075471697,0.3137254901960784,0.48571428571428554,0.25,0.6142857142857141,0.22631578947368414,0.22182254196642684,0.3899371069182389,0.23684210526315785,0.0,0.3902439024390244,0.20000000000000018,0.36666666666666714,3
0.5869565217391304,0.3846153846153846,0.7222222222222221,0.406113537117904,0.1648351648351648,0.1509433962264151,0.4444444444444444,0.2857142857142856,0.3333333333333335,0.357142857142857,0.36842105263157887,0.36570743405275774,0.2767295597484276,0.06578947368421051,0.2727272727272727,0.21951219512195122,0.6333333333333337,0.7999999999999998,2
0.4130434782608696,0.3076923076923077,0.36111111111111105,0.09170305676855894,0.05494505494505497,0.09433962264150944,0.17647058823529405,0.6857142857142857,0.08333333333333348,0.357142857142857,0.1578947368421052,0.10911270983213431,0.32704402515723263,0.2894736842105262,0.3181818181818182,0.4634146341463415,0.20000000000000018,0.09999999999999964,3
0.34782608695652173,0.1923076923076923,0.5833333333333333,0.22707423580786024,0.13186813186813184,0.11320754716981132,0.26797385620915026,0.48571428571428554,0.16666666666666674,0.15714285714285703,0.2578947368421052,0.20023980815347722,0.17610062893081757,0.14473684210526316,0.045454545454545456,0.024390243902439025,0.36666666666666714,0.36666666666666714,2
0.4130434782608696,0.15384615384615374,0.48611111111111094,0.3493449781659389,0.25274725274725274,0.07547169811320756,0.27450980392156854,0.4571428571428571,0.16666666666666674,0.18571428571428572,0.28421052631578947,0.21462829736211028,0.1132075471698113,0.1578947368421052,0.0,0.0975609756097561,0.7333333333333334,0.7000000000000002,0
0.21739130434782616,0.34615384615384603,0.43055555555555547,0.20960698689956336,0.18681318681318682,0.09433962264150944,0.24183006535947704,0.5428571428571427,0.16666666666666674,0.34285714285714275,0.22105263157894728,0.17625899280575538,0.30817610062893075,0.19736842105263153,0.09090909090909091,0.04878048780487805,0.2666666666666666,0.2999999999999998,0
0.43478260869565233,0.5384615384615383,0.5972222222222221,0.26637554585152845,0.1428571428571429,0.09433962264150944,0.3594771241830066,0.3999999999999999,0.25,0.41428571428571437,0.3526315789473683,0.27937649880095916,0.578616352201258,0.1842105263157895,0.5454545454545454,0.0975609756097561,0.36666666666666714,0.36666666666666714,1
0.7173913043478262,0.7692307692307694,0.8055555555555554,0.38427947598253276,0.1208791208791209,0.16981132075471697,0.6862745098039216,0.1428571428571428,0.5833333333333335,0.6857142857142857,0.5157894736842105,0.6103117505995204,0.5157232704402515,0.1578947368421052,0.5,0.5853658536585367,0.40000000000000036,0.5666666666666664,1
0.5,0.5769230769230769,0.5972222222222221,0.3187772925764192,0.13186813186813184,0.11320754716981132,0.3856209150326797,0.37142857142857144,0.3333333333333335,0.48571428571428554,0.3421052631578948,0.30455635491606714,0.5471698113207548,0.10526315789473684,0.6818181818181819,0.0,0.6333333333333337,0.666666666666667,1
0.43478260869565233,0.3846153846153846,0.5277777777777777,0.2532751091703057,0.18681318681318682,0.11320754716981132,0.1633986928104575,0.6285714285714286,0.08333333333333348,0.38571428571428545,0.13684210526315788,0.11630695443645081,0.3144654088050314,0.05263157894736836,0.7727272727272727,0.29268292682926833,0.9000000000000004,0.9666666666666668,3
0.5652173913043477,0.7307692307692306,0.8888888888888888,0.3187772925764192,0.08791208791208793,0.1509433962264151,0.6405228758169934,0.17142857142857137,0.5833333333333335,0.6857142857142857,0.46842105263157896,0.5671462829736211,0.6666666666666667,0.1842105263157895,0.13636363636363635,0.04878048780487805,0.36666666666666714,0.43333333333333357,1
0.8043478260869565,0.8076923076923077,0.8611111111111109,0.42358078602620086,0.18681318681318682,0.16981132075471697,0.6601307189542482,0.1428571428571428,0.5833333333333335,0.7571428571428569,0.48421052631578954,0.5815347721822541,0.7044025157232705,0.1842105263157895,0.7727272727272727,0.3902439024390244,0.40000000000000036,0.5666666666666664,2
0.19565217391304346,0.3846153846153846,0.41666666666666663,0.6375545851528384,0.6373626373626374,1.0,0.17647058823529405,0.6285714285714286,0.08333333333333348,0.38571428571428545,0.531578947368421,0.12589928057553953,0.39622641509433953,0.5263157894736842,0.18181818181818182,0.21951219512195122,0.4666666666666668,0.5999999999999996,3
0.4130434782608696,0.07692307692307687,0.2499999999999999,0.13973799126637554,0.1208791208791209,0.07547169811320756,0.065359477124183,0.8285714285714285,0.0,0.19999999999999996,0.06315789473684208,0.04556354916067143,0.04402515723270439,0.06578947368421051,0.2727272727272727,0.41463414634146345,0.7000000000000002,0.7333333333333334,3
0.4565217391304346,0.6153846153846154,0.5833333333333333,0.14410480349344978,0.09890109890109888,0.1509433962264151,0.30718954248366015,0.48571428571428554,0.25,0.5999999999999999,0.2421052631578947,0.21942446043165467,0.4842767295597483,0.22368421052631582,0.4545454545454546,0.17073170731707318,0.2333333333333334,0.36666666666666714,3
0.4782608695652173,0.34615384615384603,0.7777777777777777,0.406113537117904,0.19780219780219777,0.1320754716981132,0.43137254901960786,0.3142857142857143,0.3333333333333335,0.3285714285714285,0.363157894736842,0.3477218225419664,0.2515723270440251,0.10526315789473684,0.045454545454545456,0.7073170731707318,0.5666666666666673,0.6333333333333337,1
0.6304347826086958,0.8076923076923077,0.8055555555555554,0.42358078602620086,0.15384615384615385,0.07547169811320756,0.738562091503268,0.08571428571428563,0.6666666666666665,0.6714285714285715,0.6105263157894737,0.697841726618705,0.7672955974842768,0.26315789473684215,0.4090909090909091,0.34146341463414637,0.40000000000000036,0.20000000000000018,0
0.6956521739130435,0.46153846153846145,0.8333333333333333,0.3973799126637555,0.15384615384615385,0.1509433962264151,0.5620915032679739,0.19999999999999996,0.5,0.44285714285714284,0.44210526315789467,0.48201438848920863,0.4842767295597483,0.10526315789473684,0.36363636363636365,0.12195121951219512,0.5333333333333341,0.6333333333333337,2
0.7391304347826089,0.7692307692307694,0.9444444444444444,0.4672489082969432,0.17582417582417587,0.16981132075471697,0.6993464052287581,0.1428571428571428,0.6666666666666665,0.7142857142857142,0.5157894736842105,0.6235011990407674,0.5597484276729561,0.13157894736842102,0.4545454545454546,0.5121951219512195,0.4666666666666668,0.7333333333333334,2
0.4565217391304346,0.42307692307692313,0.41666666666666663,0.3580786026200874,0.27472527472527475,0.11320754716981132,0.26797385620915026,0.4571428571428571,0.16666666666666674,0.3714285714285712,0.21578947368421053,0.21223021582733811,0.4339622641509433,0.10526315789473684,0.3181818181818182,0.04878048780487805,0.7666666666666666,0.833333333333333,0
0.5869565217391304,0.7307692307692306,0.9583333333333333,0.5283842794759825,0.23076923076923073,0.1509433962264151,0.718954248366013,0.11428571428571421,0.6666666666666665,0.6714285714285715,0.5842105263157894,0.6558752997601919,0.6163522012578617,0.1842105263157895,0.3181818181818182,0.6829268292682927,0.40000000000000036,0.5999999999999996,1
0.5217391304347827,0.3076923076923077,0.6666666666666665,0.3493449781659389,0.13186813186813184,0.1320754716981132,0.4117647058823528,0.34285714285714275,0.3333333333333335,0.3142857142857143,0.3263157894736842,0.329736211031175,0.23899371069182385,0.05263157894736836,0.045454545454545456,0.12195121951219512,0.666666666666667,0.7999999999999998,2
0.5,0.5,0.4722222222222221,0.4279475982532751,0.29670329670329676,0.056603773584905655,0.33333333333333326,0.37142857142857144,0.25,0.44285714285714284,0.2894736842105263,0.2685851318944844,0.5157232704402515,0.14473684210526316,0.3181818181818182,0.1951219512195122,0.666666666666667,0.6333333333333337,0
0.6739130434782608,0.7307692307692306,0.9722222222222221,0.29694323144104806,0.06593406593406592,0.1509433962264151,0.6993464052287581,0.11428571428571421,0.6666666666666665,0.6857142857142857,0.5526315789473685,0.63189448441247,0.6855345911949686,0.19736842105263153,0.4545454545454546,0.6829268292682927,0.40000000000000036,0.5666666666666664,1
0.6739130434782608,0.7692307692307694,0.8472222222222221,0.41484716157205237,0.19780219780219777,0.16981132075471697,0.6601307189542482,0.1428571428571428,0.5833333333333335,0.7142857142857142,0.4526315789473684,0.579136690647482,0.7044025157232705,0.17105263157894735,0.5454545454545454,0.29268292682926833,0.36666666666666714,0.5666666666666664,2
0.3913043478260869,0.1923076923076923,0.5,0.29694323144104806,0.15384615384615385,0.11320754716981132,0.3594771241830066,0.3999999999999999,0.25,0.22857142857142843,0.34736842105263144,0.276978417266187,0.2264150943396226,0.1578947368421052,0.0,0.6829268292682927,0.43333333333333357,0.5666666666666664,1
0.4565217391304346,0.46153846153846145,0.625,0.25764192139737996,0.23076923076923073,0.1509433962264151,0.2941176470588236,0.5142857142857142,0.25,0.5428571428571429,0.21052631578947367,0.20743405275779372,0.42138364779874204,0.1842105263157895,0.7727272727272727,0.2682926829268293,0.36666666666666714,0.4666666666666668,3
0.6956521739130435,0.5,0.8333333333333333,0.3973799126637555,0.15384615384615385,0.1320754716981132,0.5294117647058822,0.22857142857142854,0.41666666666666674,0.4571428571428571,0.4052631578947369,0.447242206235012,0.32704402515723263,0.07894736842105265,0.2272727272727273,0.21951219512195122,0.6000000000000005,0.7000000000000002,1
0.4565217391304346,0.46153846153846145,0.625,0.24454148471615722,0.17582417582417587,0.1509433962264151,0.30065359477124187,0.48571428571428554,0.25,0.5571428571428572,0.231578947368421,0.21942446043165467,0.33333333333333326,0.11842105263157887,0.045454545454545456,0.14634146341463417,0.43333333333333357,0.5999999999999996,3
0.3913043478260869,0.15384615384615374,0.5,0.14847161572052403,0.08791208791208793,0.11320754716981132,0.130718954248366,0.7142857142857142,0.08333333333333348,0.24285714285714288,0.14210526315789473,0.08633093525179855,0.09433962264150941,0.13157894736842102,0.0,0.29268292682926833,0.5,0.36666666666666714,3
0.6304347826086958,0.5769230769230769,0.9027777777777777,0.48034934497816595,0.18681318681318682,0.1509433962264151,0.5816993464052287,0.19999999999999996,0.5,0.48571428571428554,0.44210526315789467,0.4988009592326139,0.4339622641509433,0.06578947368421051,0.0,0.6097560975609756,0.5333333333333341,0.7666666666666666,2
0.5,0.42307692307692313,0.38888888888888884,0.37554585152838427,0.25274725274725274,0.09433962264150944,0.2810457516339868,0.4285714285714286,0.16666666666666674,0.38571428571428545,0.2578947368421052,0.2254196642685851,0.35849056603773577,0.10526315789473684,0.2272727272727273,0.17073170731707318,0.8666666666666671,0.833333333333333,0
0.26086956521739135,0.1153846153846152,0.4444444444444444,0.10043668122270744,0.09890109890109888,0.09433962264150944,0.0980392156862745,0.7999999999999998,0.08333333333333348,0.09999999999999987,0.0736842105263158,0.05875299760191846,0.08805031446540879,0.14473684210526316,0.13636363636363635,0.7317073170731707,0.2666666666666666,0.43333333333333357,1
0.652173913043478,0.5769230769230769,0.7777777777777777,0.5589519650655022,0.2637362637362638,0.1509433962264151,0.607843137254902,0.17142857142857137,0.5,0.4999999999999998,0.5052631578947367,0.5383693045563549,0.5534591194968554,0.1578947368421052,0.09090909090909091,0.36585365853658536,0.40000000000000036,0.5,1
0.6086956521739131,0.846153846153846,0.9305555555555554,0.4192139737991266,0.15384615384615385,0.16981132075471697,0.738562091503268,0.11428571428571421,0.6666666666666665,0.857142857142857,0.5157894736842105,0.6546762589928057,0.5974842767295598,0.19736842105263153,0.36363636363636365,0.8536585365853658,0.36666666666666714,0.666666666666667,1
0.652173913043478,0.7307692307692306,0.875,0.28820960698689957,0.05494505494505497,0.09433962264150944,0.8104575163398693,0.05714285714285705,0.75,0.5999999999999999,0.6526315789473683,0.7577937649880095,0.8867924528301887,0.3026315789473685,0.13636363636363635,0.5609756097560976,0.2333333333333334,0.09999999999999964,0
0.26086956521739135,0.46153846153846145,0.45833333333333326,0.27510917030567683,0.2417582417582418,0.11320754716981132,0.20261437908496727,0.5714285714285714,0.08333333333333348,0.4285714285714286,0.22631578947368414,0.1474820143884892,0.42138364779874204,0.1578947368421052,0.09090909090909091,0.0,0.4666666666666668,0.5999999999999996,3
0.8913043478260869,0.9230769230769231,0.8611111111111109,0.33624454148471616,0.05494505494505497,0.07547169811320756,0.9477124183006536,0.0,0.9166666666666665,0.7285714285714284,0.8263157894736842,0.9400479616306954,0.9559748427672956,0.3421052631578948,0.09090909090909091,0.5121951219512195,0.20000000000000018,0.09999999999999964,0
0.32608695652173925,0.26923076923076916,0.20833333333333326,0.043668122270742404,0.06593406593406592,0.09433962264150944,0.130718954248366,0.7714285714285714,0.08333333333333348,0.2999999999999998,0.06315789473684208,0.07793764988009591,0.30817610062893075,0.36842105263157887,0.0,0.17073170731707318,0.0,0.06666666666666643,3
0.28260869565217384,0.15384615384615374,0.5138888888888888,0.1746724890829694,0.07692307692307687,0.09433962264150944,0.27450980392156854,0.48571428571428554,0.16666666666666674,0.12857142857142856,0.2578947368421052,0.2014388489208633,0.2264150943396226,0.1578947368421052,0.6363636363636364,0.3170731707317073,0.3333333333333339,0.33333333333333304,1
0.6956521739130435,0.6923076923076923,0.7361111111111109,0.24454148471615722,0.04395604395604391,0.09433962264150944,0.6862745098039216,0.11428571428571421,0.5833333333333335,0.6714285714285715,0.5789473684210525,0.6223021582733813,0.6226415094339623,0.2894736842105262,0.4090909090909091,0.6097560975609756,0.40000000000000036,0.2333333333333334,0
0.5869565217391304,0.6538461538461537,0.8055555555555554,0.4366812227074236,0.17582417582417587,0.07547169811320756,0.6928104575163399,0.11428571428571421,0.5833333333333335,0.5428571428571429,0.5368421052631579,0.6414868105515588,0.6540880503144655,0.23684210526315785,0.36363636363636365,0.17073170731707318,0.43333333333333357,0.2666666666666666,0
0.5,0.42307692307692313,0.625,0.2707423580786026,0.20879120879120883,0.1509433962264151,0.2810457516339868,0.48571428571428554,0.16666666666666674,0.4571428571428571,0.1947368421052631,0.20503597122302156,0.3144654088050314,0.10526315789473684,0.13636363636363635,0.24390243902439024,0.5333333333333341,0.7000000000000002,3
0.7826086956521738,0.7307692307692306,0.8888888888888888,0.41484716157205237,0.1428571428571429,0.18867924528301888,0.673202614379085,0.1428571428571428,0.5833333333333335,0.6285714285714283,0.4736842105263158,0.6079136690647482,0.6477987421383649,0.10526315789473684,0.5,0.17073170731707318,0.43333333333333357,0.5999999999999996,2
0.30434782608695654,0.23076923076923062,0.4722222222222221,0.26637554585152845,0.20879120879120883,0.07547169811320756,0.21568627450980393,0.5428571428571427,0.16666666666666674,0.22857142857142843,0.22631578947368414,0.16067146282973618,0.18867924528301883,0.14473684210526316,0.13636363636363635,0.5121951219512195,0.6333333333333337,0.6333333333333337,0
0.36956521739130443,0.3076923076923077,0.5277777777777777,0.17903930131004364,0.08791208791208793,0.09433962264150944,0.16993464052287577,0.6285714285714286,0.08333333333333348,0.2857142857142856,0.16315789473684206,0.11990407673860912,0.30817610062893075,0.10526315789473684,0.0,0.024390243902439025,0.5333333333333341,0.5333333333333332,1
0.5434782608695654,0.5769230769230769,0.8472222222222221,0.43231441048034935,0.19780219780219777,0.1320754716981132,0.5555555555555556,0.19999999999999996,0.5,0.48571428571428554,0.4526315789473684,0.47961630695443647,0.4088050314465408,0.11842105263157887,0.09090909090909091,0.12195121951219512,0.43333333333333357,0.5333333333333332,2
0.26086956521739135,0.3846153846153846,0.4027777777777777,0.16157205240174677,0.1648351648351648,0.09433962264150944,0.261437908496732,0.5142857142857142,0.16666666666666674,0.38571428571428545,0.25263157894736843,0.18824940047961627,0.4402515723270439,0.32894736842105254,0.045454545454545456,0.0975609756097561,0.16666666666666696,0.09999999999999964,0
0.3913043478260869,0.34615384615384603,0.36111111111111105,0.16593886462882101,0.1208791208791209,0.1320754716981132,0.14379084967320255,0.6857142857142857,0.08333333333333348,0.34285714285714275,0.17368421052631577,0.10071942446043167,0.3459119496855345,0.13157894736842102,0.2727272727272727,0.12195121951219512,0.5,0.5333333333333332,3
0.15217391304347827,0.3846153846153846,0.38888888888888884,0.08296943231441045,0.06593406593406592,0.09433962264150944,0.24836601307189543,0.5714285714285714,0.16666666666666674,0.41428571428571437,0.20526315789473681,0.171462829736211,0.42138364779874204,0.2894736842105262,0.3181818181818182,0.34146341463414637,0.10000000000000053,0.09999999999999964,0
0.43478260869565233,0.5,0.625,0.2838427947598253,0.20879120879120883,0.1320754716981132,0.2549019607843137,0.5142857142857142,0.16666666666666674,0.41428571428571437,0.20526315789473681,0.1858513189448441,0.4402515723270439,0.10526315789473684,0.0,0.0975609756097561,0.6333333333333337,0.7666666666666666,3
0.43478260869565233,0.6923076923076923,0.6944444444444444,0.4585152838427947,0.2417582417582418,0.11320754716981132,0.46405228758169925,0.2857142857142856,0.41666666666666674,0.5428571428571429,0.4263157894736841,0.3860911270983214,0.7610062893081762,0.14473684210526316,0.2727272727272727,0.024390243902439025,0.43333333333333357,0.5,2
0.5,0.26923076923076916,0.5277777777777777,0.28820960698689957,0.1208791208791209,0.09433962264150944,0.40522875816993453,0.34285714285714275,0.3333333333333335,0.2999999999999998,0.3526315789473683,0.3249400479616307,0.320754716981132,0.11842105263157887,0.13636363636363635,0.7073170731707318,0.5,0.6333333333333337,2
0.26086956521739135,0.1153846153846152,0.15277777777777768,0.048034934497816595,0.09890109890109888,0.056603773584905655,0.04575163398692805,0.8857142857142857,0.0,0.08571428571428563,0.047368421052631504,0.02757793764988009,0.1132075471698113,0.2894736842105262,0.5909090909090909,0.12195121951219512,0.16666666666666696,0.09999999999999964,3
0.3913043478260869,0.1153846153846152,0.4444444444444444,0.2532751091703057,0.1428571428571429,0.11320754716981132,0.24836601307189543,0.5142857142857142,0.16666666666666674,0.2142857142857142,0.18947368421052624,0.17985611510791363,0.07547169811320753,0.05263157894736836,0.09090909090909091,0.5365853658536586,0.666666666666667,0.7999999999999998,2
0.3913043478260869,0.3076923076923077,0.33333333333333326,0.19213973799126638,0.15384615384615385,0.11320754716981132,0.11111111111111105,0.7142857142857142,0.08333333333333348,0.34285714285714275,0.16315789473684206,0.07793764988009591,0.2767295597484276,0.11842105263157887,0.2727272727272727,0.29268292682926833,0.6000000000000005,0.666666666666667,3
0.28260869565217384,0.23076923076923062,0.2499999999999999,0.09170305676855894,0.08791208791208793,0.056603773584905655,0.0326797385620915,0.8857142857142857,0.0,0.22857142857142843,0.05263157894736836,0.023980815347721812,0.24528301886792447,0.13157894736842102,0.3181818181818182,0.14634146341463417,0.4666666666666668,0.43333333333333357,3
0.4782608695652173,0.7692307692307694,0.7638888888888888,0.4279475982532751,0.19780219780219777,0.1509433962264151,0.5294117647058822,0.22857142857142854,0.41666666666666674,0.5999999999999999,0.4736842105263158,0.44964028776978415,0.8050314465408805,0.1578947368421052,0.13636363636363635,0.04878048780487805,0.40000000000000036,0.5,2
0.3913043478260869,0.3846153846153846,0.4444444444444444,0.16593886462882101,0.09890109890109888,0.09433962264150944,0.24183006535947704,0.5428571428571427,0.16666666666666674,0.3142857142857143,0.19999999999999996,0.171462829736211,0.35220125786163514,0.17105263157894735,0.5909090909090909,0.5609756097560976,0.3333333333333339,0.33333333333333304,2
0.17391304347826098,0.46153846153846145,0.38888888888888884,0.14410480349344978,0.1428571428571429,0.09433962264150944,0.261437908496732,0.5428571428571427,0.16666666666666674,0.4714285714285713,0.1947368421052631,0.17865707434052755,0.4402515723270439,0.2894736842105262,0.13636363636363635,0.3170731707317073,0.10000000000000053,0.06666666666666643,0
0.4565217391304346,0.6538461538461537,0.6111111111111109,0.14847161572052403,0.10989010989010983,0.1509433962264151,0.2875816993464051,0.5142857142857142,0.25,0.7428571428571427,0.21578947368421053,0.20023980815347722,0.49056603773584895,0.23684210526315785,0.2272727272727273,0.14634146341463417,0.20000000000000018,0.33333333333333304,3
0.7391304347826089,0.46153846153846145,0.7222222222222221,0.406113537117904,0.1648351648351648,0.1509433962264151,0.49673202614379086,0.2571428571428571,0.41666666666666674,0.4285714285714286,0.3789473684210526,0.41007194244604317,0.3144654088050314,0.06578947368421051,0.5454545454545454,0.4878048780487805,0.6333333333333337,0.7333333333333334,1
0.9130434782608696,0.6923076923076923,0.8333333333333333,0.42358078602620086,0.1428571428571429,0.18867924528301888,0.5490196078431373,0.22857142857142854,0.5,0.6285714285714283,0.4052631578947369,0.46642685851318944,0.47169811320754707,0.03947368421052633,1.0,0.024390243902439025,0.7333333333333334,0.9000000000000004,2
0.36956521739130443,0.42307692307692313,0.4027777777777777,0.20960698689956336,0.18681318681318682,0.09433962264150944,0.15032679738562083,0.657142857142857,0.08333333333333348,0.38571428571428545,0.1842105263157895,0.105515587529976,0.33333333333333326,0.21052631578947367,0.13636363636363635,0.04878048780487805,0.36666666666666714,0.33333333333333304,3
0.6304347826086958,0.7307692307692306,0.8055555555555554,0.5283842794759825,0.2637362637362638,0.1509433962264151,0.6666666666666667,0.1428571428571428,0.5833333333333335,0.6571428571428573,0.5157894736842105,0.5971223021582733,0.5660377358490567,0.1578947368421052,0.0,0.3902439024390244,0.36666666666666714,0.5,1
0.652173913043478,0.7692307692307694,0.9166666666666665,0.29694323144104806,0.08791208791208793,0.1509433962264151,0.65359477124183,0.17142857142857137,0.5833333333333335,0.7142857142857142,0.4736842105263158,0.5707434052757794,0.7169811320754718,0.1842105263157895,0.7272727272727273,0.5853658536585367,0.36666666666666714,0.5333333333333332,2
0.23913043478260865,0.3846153846153846,0.41666666666666663,0.08296943231441045,0.07692307692307687,0.11320754716981132,0.2549019607843137,0.5428571428571427,0.16666666666666674,0.40000000000000013,0.22631578947368414,0.17745803357314147,0.42138364779874204,0.2894736842105262,0.045454545454545456,0.29268292682926833,0.16666666666666696,0.09999999999999964,0
0.5434782608695654,0.1923076923076923,0.5277777777777777,0.3799126637554585,0.19780219780219777,0.11320754716981132,0.37254901960784315,0.37142857142857144,0.25,0.2571428571428571,0.3526315789473683,0.29496402877697847,0.20125786163522008,0.10526315789473684,0.4090909090909091,0.4878048780487805,0.5333333333333341,0.5999999999999996,2
0.32608695652173925,0.23076923076923062,0.41666666666666663,0.2707423580786026,0.20879120879120883,0.09433962264150944,0.23529411764705876,0.5142857142857142,0.16666666666666674,0.22857142857142843,0.1947368421052631,0.17745803357314147,0.21383647798742134,0.13157894736842102,0.2272727272727273,0.3170731707317073,0.5666666666666673,0.666666666666667,0
0.3913043478260869,0.5,0.8472222222222221,0.41484716157205237,0.19780219780219777,0.1320754716981132,0.5490196078431373,0.22857142857142854,0.5,0.40000000000000013,0.46842105263157896,0.4676258992805755,0.5660377358490567,0.1842105263157895,0.2272727272727273,0.1951219512195122,0.3333333333333339,0.43333333333333357,1
0.3913043478260869,0.1153846153846152,0.5972222222222221,0.2532751091703057,0.15384615384615385,0.11320754716981132,0.196078431372549,0.5999999999999999,0.16666666666666674,0.1428571428571428,0.17368421052631577,0.1366906474820144,0.17610062893081757,0.05263157894736836,0.0,0.7560975609756098,0.5666666666666673,0.6333333333333337,2
0.15217391304347827,0.42307692307692313,0.38888888888888884,0.06986899563318782,0.06593406593406592,0.11320754716981132,0.2549019607843137,0.5428571428571427,0.16666666666666674,0.40000000000000013,0.21052631578947367,0.17865707434052755,0.5094339622641508,0.2763157894736842,0.18181818181818182,0.3902439024390244,0.13333333333333375,0.13333333333333375,0
0.5217391304347827,0.5769230769230769,0.9027777777777777,0.47161572052401746,0.18681318681318682,0.16981132075471697,0.5816993464052287,0.19999999999999996,0.5,0.5285714285714287,0.43157894736842095,0.5011990407673861,0.33333333333333326,0.06578947368421051,0.09090909090909091,0.17073170731707318,0.5666666666666673,0.7000000000000002,1
0.4130434782608696,0.7307692307692306,0.7361111111111109,0.4366812227074236,0.21978021978021978,0.1320754716981132,0.5032679738562091,0.2571428571428571,0.41666666666666674,0.6142857142857141,0.44210526315789467,0.4220623501199041,0.8238993710691824,0.17105263157894735,0.09090909090909091,0.12195121951219512,0.40000000000000036,0.4666666666666668,1
0.30434782608695654,0.34615384615384603,0.41666666666666663,0.15283842794759828,0.13186813186813184,0.09433962264150944,0.24183006535947704,0.5428571428571427,0.16666666666666674,0.34285714285714275,0.24736842105263157,0.171462829736211,0.2955974842767295,0.2499999999999999,0.2727272727272727,0.21951219512195122,0.3000000000000007,0.2333333333333334,0
0.4565217391304346,0.15384615384615374,0.4444444444444444,0.1834061135371179,0.1428571428571429,0.1320754716981132,0.13725490196078427,0.6857142857142857,0.08333333333333348,0.24285714285714288,0.16315789473684206,0.09352517985611511,0.11949685534591192,0.13157894736842102,0.09090909090909091,0.17073170731707318,0.5333333333333341,0.4666666666666668,3
0.5217391304347827,0.1923076923076923,0.48611111111111094,0.3668122270742358,0.23076923076923073,0.07547169811320756,0.3856209150326797,0.3142857142857143,0.25,0.15714285714285703,0.363157894736842,0.31894484412470026,0.17610062893081757,0.19736842105263153,0.09090909090909091,0.14634146341463417,0.7000000000000002,0.5999999999999996,0
0.5,0.46153846153846145,0.8472222222222221,0.42358078602620086,0.20879120879120883,0.1320754716981132,0.522875816993464,0.22857142857142854,0.41666666666666674,0.357142857142857,0.4631578947368421,0.44124700239808157,0.5408805031446542,0.1842105263157895,0.13636363636363635,0.4634146341463415,0.43333333333333357,0.5333333333333332,2
0.7173913043478262,0.7692307692307694,0.8055555555555554,0.21834061135371186,0.0,0.03773584905660377,0.8169934640522876,0.05714285714285705,0.75,0.6571428571428573,0.6999999999999998,0.7841726618705036,0.7106918238993711,0.3026315789473685,0.18181818181818182,0.41463414634146345,0.3000000000000007,0.09999999999999964,0
0.8260869565217392,0.6538461538461537,0.875,0.41484716157205237,0.1428571428571429,0.16981132075471697,0.6470588235294117,0.1428571428571428,0.5833333333333335,0.5428571428571429,0.48947368421052617,0.5743405275779376,0.4968553459119496,0.11842105263157887,0.4090909090909091,0.21951219512195122,0.4666666666666668,0.6333333333333337,2
0.5,0.23076923076923062,0.33333333333333326,0.030567685589519666,0.01098901098901095,0.11320754716981132,0.14379084967320255,0.7428571428571429,0.08333333333333348,0.3285714285714285,0.1578947368421052,0.08872901678657072,0.18867924528301883,0.2763157894736842,0.3181818181818182,0.4878048780487805,0.2333333333333334,0.09999999999999964,3
0.7826086956521738,0.5384615384615383,0.7777777777777777,0.4454148471615721,0.18681318681318682,0.1320754716981132,0.5620915032679739,0.19999999999999996,0.5,0.4571428571428571,0.46842105263157896,0.48201438848920863,0.5157232704402515,0.14473684210526316,0.18181818181818182,0.3170731707317073,0.4666666666666668,0.5666666666666664,2
0.32608695652173925,0.34615384615384603,0.33333333333333326,0.20524017467248912,0.1648351648351648,0.11320754716981132,0.11764705882352933,0.7142857142857142,0.08333333333333348,0.34285714285714275,0.10526315789473684,0.0827338129496403,0.32704402515723263,0.05263157894736836,0.13636363636363635,0.04878048780487805,0.9000000000000004,0.9666666666666668,3
0.30434782608695654,0.42307692307692313,0.8055555555555554,0.4672489082969432,0.25274725274725274,0.1509433962264151,0.5032679738562091,0.2571428571428571,0.41666666666666674,0.3285714285714285,0.44210526315789467,0.42086330935251803,0.4339622641509433,0.1578947368421052,0.09090909090909091,0.5121951219512195,0.36666666666666714,0.43333333333333357,1
0.7391304347826089,0.8076923076923077,0.7777777777777777,0.42358078602620086,0.1648351648351648,0.18867924528301888,0.6928104575163399,0.1428571428571428,0.5833333333333335,0.7428571428571427,0.4789473684210527,0.6115107913669064,0.679245283018868,0.1578947368421052,0.09090909090909091,0.5121951219512195,0.36666666666666714,0.5666666666666664,2
0.30434782608695654,0.15384615384615374,0.16666666666666663,0.05240174672489084,0.07692307692307687,0.07547169811320756,0.019607843137254832,0.9142857142857141,0.0,0.11428571428571432,0.02631578947368418,0.014388489208633087,0.22012578616352196,0.19736842105263153,0.5,0.5365853658536586,0.3333333333333339,0.2999999999999998,3
0.26086956521739135,0.3846153846153846,0.36111111111111105,0.08296943231441045,0.09890109890109888,0.07547169811320756,0.23529411764705876,0.5714285714285714,0.16666666666666674,0.38571428571428545,0.18947368421052624,0.16187050359712227,0.3899371069182389,0.3421052631578948,0.2727272727272727,0.2682926829268293,0.10000000000000053,0.033333333333333215,0
0.7391304347826089,0.846153846153846,0.875,0.4759825327510917,0.23076923076923073,0.16981132075471697,0.6993464052287581,0.11428571428571421,0.6666666666666665,0.7714285714285711,0.4789473684210527,0.6294964028776978,0.6729559748427674,0.14473684210526316,0.4545454545454546,0.17073170731707318,0.36666666666666714,0.5333333333333332,2
0.43478260869565233,0.15384615384615374,0.41666666666666663,0.09606986899563319,0.05494505494505497,0.1320754716981132,0.0980392156862745,0.7714285714285714,0.08333333333333348,0.27142857142857135,0.13684210526315788,0.06474820143884893,0.06289308176100628,0.1578947368421052,0.09090909090909091,0.3170731707317073,0.5,0.2999999999999998,3
0.9130434782608696,0.7307692307692306,0.8333333333333333,0.43231441048034935,0.1648351648351648,0.1509433962264151,0.6862745098039216,0.1428571428571428,0.5833333333333335,0.6714285714285715,0.5210526315789473,0.6151079136690647,0.6603773584905661,0.17105263157894735,0.6363636363636364,0.0975609756097561,0.40000000000000036,0.5333333333333332,2
0.36956521739130443,0.23076923076923062,0.625,0.24454148471615722,0.13186813186813184,0.09433962264150944,0.33333333333333326,0.4285714285714286,0.25,0.18571428571428572,0.31052631578947365,0.2541966426858513,0.30817610062893075,0.1578947368421052,0.3181818181818182,0.3170731707317073,0.3333333333333339,0.36666666666666714,2
0.26086956521739135,0.3846153846153846,0.36111111111111105,0.06986899563318782,0.07692307692307687,0.056603773584905655,0.23529411764705876,0.5714285714285714,0.16666666666666674,0.38571428571428545,0.19999999999999996,0.16306954436450835,0.4088050314465408,0.36842105263157887,0.36363636363636365,0.04878048780487805,0.10000000000000053,0.0,0
0.28260869565217384,0.3846153846153846,0.38888888888888884,0.20087336244541487,0.18681318681318682,0.1320754716981132,0.16993464052287577,0.6285714285714286,0.08333333333333348,0.357142857142857,0.16315789473684206,0.1211031175059952,0.4088050314465408,0.13157894736842102,0.2727272727272727,0.0,0.5333333333333341,0.666666666666667,3
0.5869565217391304,0.6923076923076923,0.8888888888888888,0.25764192139737996,0.05494505494505497,0.1509433962264151,0.6143790849673203,0.17142857142857137,0.5,0.6571428571428573,0.45789473684210524,0.5359712230215827,0.5283018867924529,0.13157894736842102,0.2272727272727273,0.5121951219512195,0.40000000000000036,0.5,1
0.5434782608695654,0.5,0.6666666666666665,0.3799126637554585,0.17582417582417587,0.07547169811320756,0.522875816993464,0.22857142857142854,0.41666666666666674,0.41428571428571437,0.4473684210526315,0.4544364508393285,0.4088050314465408,0.1842105263157895,0.09090909090909091,0.6341463414634146,0.6000000000000005,0.5333333333333332,0
0.30434782608695654,0.3076923076923077,0.5,0.26637554585152845,0.21978021978021978,0.09433962264150944,0.23529411764705876,0.5428571428571427,0.16666666666666674,0.3142857142857143,0.21578947368421053,0.171462829736211,0.270440251572327,0.17105263157894735,0.3181818181818182,0.3170731707317073,0.40000000000000036,0.4666666666666668,0
0.21739130434782616,0.26923076923076916,0.18055555555555547,0.043668122270742404,0.06593406593406592,0.07547169811320756,0.130718954248366,0.7714285714285714,0.08333333333333348,0.3142857142857143,0.06315789473684208,0.07553956834532374,0.3018867924528301,0.35526315789473684,0.36363636363636365,0.17073170731707318,0.0,0.06666666666666643,3
0.26086956521739135,0.1923076923076923,0.3194444444444444,0.11353711790393017,0.08791208791208793,0.09433962264150944,0.065359477124183,0.8285714285714285,0.0,0.17142857142857126,0.0368421052631579,0.04196642685851318,0.22012578616352196,0.06578947368421051,0.9090909090909092,0.1951219512195122,0.6333333333333337,0.666666666666667,1
0.8260869565217392,0.7692307692307694,0.9444444444444444,0.4672489082969432,0.15384615384615385,0.16981132075471697,0.6209150326797386,0.17142857142857137,0.5,0.7,0.45789473684210524,0.5419664268585132,0.6729559748427674,0.06578947368421051,0.9545454545454546,0.04878048780487805,0.666666666666667,0.7999999999999998,2
0.4130434782608696,0.23076923076923062,0.5,0.3318777292576419,0.2637362637362638,0.07547169811320756,0.261437908496732,0.48571428571428554,0.16666666666666674,0.18571428571428572,0.2578947368421052,0.19904076738609108,0.21383647798742134,0.17105263157894735,0.2727272727272727,0.34146341463414637,0.6333333333333337,0.6333333333333337,0
0.32608695652173925,0.3076923076923077,0.5555555555555556,0.18777292576419213,0.1648351648351648,0.11320754716981132,0.2222222222222222,0.5428571428571427,0.16666666666666674,0.3714285714285712,0.20526315789473681,0.16067146282973618,0.32704402515723263,0.1578947368421052,0.18181818181818182,0.3902439024390244,0.40000000000000036,0.5333333333333332,3
0.23913043478260865,0.1923076923076923,0.2777777777777777,0.10480349344978168,0.09890109890109888,0.056603773584905655,0.130718954248366,0.6857142857142857,0.08333333333333348,0.17142857142857126,0.09473684210526312,0.09232613908872903,0.20125786163522008,0.21052631578947367,0.36363636363636365,0.0975609756097561,0.3000000000000007,0.2333333333333334,1
0.34782608695652173,0.42307692307692313,0.5555555555555556,0.3799126637554585,0.20879120879120883,0.07547169811320756,0.326797385620915,0.3999999999999999,0.25,0.357142857142857,0.31052631578947365,0.2541966426858513,0.44654088050314455,0.09210526315789469,0.5909090909090909,0.2682926829268293,0.6000000000000005,0.5999999999999996,1
0.43478260869565233,0.5384615384615383,0.6111111111111109,0.44104803493449785,0.2637362637362638,0.09433962264150944,0.4183006535947713,0.2857142857142856,0.3333333333333335,0.48571428571428554,0.3157894736842105,0.35011990407673865,0.578616352201258,0.14473684210526316,0.3181818181818182,0.4634146341463415,0.7333333333333334,0.666666666666667,0
0.6739130434782608,0.7307692307692306,0.8472222222222221,0.4454148471615721,0.1648351648351648,0.1509433962264151,0.5620915032679739,0.19999999999999996,0.5,0.6142857142857141,0.4052631578947369,0.4832134292565947,0.5974842767295598,0.06578947368421051,0.09090909090909091,0.12195121951219512,0.6333333333333337,0.7666666666666666,1
0.17391304347826098,0.3846153846153846,0.38888888888888884,0.19213973799126638,0.18681318681318682,0.09433962264150944,0.24836601307189543,0.5428571428571427,0.16666666666666674,0.3714285714285712,0.23684210526315785,0.1750599520383693,0.3899371069182389,0.2763157894736842,0.045454545454545456,0.04878048780487805,0.20000000000000018,0.13333333333333375,0
0.32608695652173925,0.46153846153846145,0.5833333333333333,0.222707423580786,0.09890109890109888,0.11320754716981132,0.27450980392156854,0.48571428571428554,0.16666666666666674,0.44285714285714284,0.26315789473684204,0.20743405275779372,0.3836477987421383,0.13157894736842102,0.13636363636363635,0.0,0.40000000000000036,0.40000000000000036,2
0.652173913043478,0.6923076923076923,0.9027777777777777,0.30567685589519655,0.09890109890109888,0.16981132075471697,0.6405228758169934,0.17142857142857137,0.5833333333333335,0.6428571428571426,0.48421052631578954,0.5587529976019184,0.7106918238993711,0.1842105263157895,0.36363636363636365,0.21951219512195122,0.36666666666666714,0.5,2
0.5217391304347827,0.846153846153846,0.875,0.406113537117904,0.17582417582417587,0.16981132075471697,0.673202614379085,0.1428571428571428,0.5833333333333335,0.7714285714285711,0.46842105263157896,0.5911270983213429,0.6918238993710693,0.21052631578947367,0.2272727272727273,0.5853658536585367,0.3000000000000007,0.43333333333333357,1
0.21739130434782616,0.23076923076923062,0.4027777777777777,0.10043668122270744,0.07692307692307687,0.056603773584905655,0.15032679738562083,0.657142857142857,0.08333333333333348,0.18571428571428572,0.13157894736842102,0.10791366906474817,0.33333333333333326,0.13157894736842102,0.7272727272727273,0.14634146341463417,0.36666666666666714,0.2999999999999998,1
0.5434782608695654,0.1923076923076923,0.4444444444444444,0.38427947598253276,0.2417582417582418,0.056603773584905655,0.3529411764705883,0.34285714285714275,0.25,0.18571428571428572,0.31052631578947365,0.2913669064748201,0.1823899371069182,0.14473684210526316,0.045454545454545456,0.07317073170731708,0.8000000000000007,0.7000000000000002,0
0.36956521739130443,0.5769230769230769,0.5138888888888888,0.12227074235807867,0.09890109890109888,0.1509433962264151,0.2941176470588236,0.5142857142857142,0.25,0.6571428571428573,0.20526315789473681,0.20383693045563547,0.49056603773584895,0.2499999999999999,0.045454545454545456,0.07317073170731708,0.20000000000000018,0.33333333333333304,3
0.26086956521739135,0.3846153846153846,0.36111111111111105,0.08296943231441045,0.08791208791208793,0.09433962264150944,0.24836601307189543,0.5428571428571427,0.16666666666666674,0.40000000000000013,0.22105263157894728,0.1702637889688249,0.40251572327044016,0.3157894736842105,0.18181818181818182,0.36585365853658536,0.13333333333333375,0.06666666666666643,0
0.36956521739130443,0.5769230769230769,0.625,0.23144104803493448,0.18681318681318682,0.16981132075471697,0.3202614379084967,0.48571428571428554,0.25,0.7,0.23684210526315785,0.2290167865707434,0.4842767295597483,0.19736842105263153,0.13636363636363635,0.3902439024390244,0.3000000000000007,0.4666666666666668,3
0.6739130434782608,0.7692307692307694,0.9444444444444444,0.4366812227074236,0.18681318681318682,0.16981132075471697,0.7058823529411764,0.1428571428571428,0.6666666666666665,0.7714285714285711,0.5052631578947367,0.6270983213429256,0.5911949685534592,0.1578947368421052,0.6363636363636364,0.7317073170731707,0.43333333333333357,0.7333333333333334,2
0.4782608695652173,0.3846153846153846,0.7777777777777777,0.4279475982532751,0.19780219780219777,0.1509433962264151,0.5032679738562091,0.2571428571428571,0.41666666666666674,0.357142857142857,0.45789473684210524,0.41966426858513184,0.35849056603773577,0.1578947368421052,0.2727272727272727,0.6585365853658537,0.4666666666666668,0.5333333333333332,1
0.43478260869565233,0.34615384615384603,0.8055555555555554,0.38427947598253276,0.17582417582417587,0.1320754716981132,0.47712418300653603,0.2857142857142856,0.41666666666666674,0.2857142857142856,0.4,0.38848920863309355,0.40251572327044016,0.14473684210526316,0.4545454545454546,0.5121951219512195,0.43333333333333357,0.5333333333333332,2
0.30434782608695654,0.1923076923076923,0.43055555555555547,0.08296943231441045,0.06593406593406592,0.11320754716981132,0.1633986928104575,0.657142857142857,0.08333333333333348,0.12857142857142856,0.1473684210526316,0.11151079136690648,0.2264150943396226,0.21052631578947367,0.0,0.21951219512195122,0.16666666666666696,0.16666666666666696,2
0.6739130434782608,0.8846153846153848,0.7777777777777777,0.554585152838428,0.29670329670329676,0.16981132075471697,0.7058823529411764,0.11428571428571421,0.6666666666666665,0.7714285714285711,0.48947368421052617,0.6342925659472421,0.6855345911949686,0.1842105263157895,0.2727272727272727,0.3902439024390244,0.3333333333333339,0.4666666666666668,1
0.4782608695652173,0.3076923076923077,0.5833333333333333,0.28820960698689957,0.19780219780219777,0.1320754716981132,0.21568627450980393,0.5714285714285714,0.16666666666666674,0.38571428571428545,0.17368421052631577,0.15587529976019185,0.19496855345911945,0.06578947368421051,0.18181818181818182,0.1951219512195122,0.7666666666666666,0.8666666666666663,3
0.28260869565217384,0.23076923076923062,0.6111111111111109,0.19650655021834063,0.10989010989010983,0.11320754716981132,0.2875816993464051,0.48571428571428554,0.25,0.2142857142857142,0.2894736842105263,0.20863309352517986,0.3018867924528301,0.19736842105263153,0.0,0.5609756097560976,0.2333333333333334,0.2999999999999998,1
0.4782608695652173,0.6153846153846154,0.7222222222222221,0.388646288209607,0.1648351648351648,0.1509433962264151,0.43137254901960786,0.3142857142857143,0.3333333333333335,0.514285714285714,0.36842105263157887,0.3525179856115108,0.3899371069182389,0.06578947368421051,0.09090909090909091,0.0,0.7333333333333334,0.833333333333333,1
0.5652173913043477,0.9230769230769231,0.8333333333333333,0.3187772925764192,0.07692307692307687,0.20754716981132076,0.7320261437908497,0.11428571428571421,0.6666666666666665,0.9999999999999998,0.48947368421052617,0.6498800959232613,0.6540880503144655,0.17105263157894735,0.18181818181818182,0.17073170731707318,0.3000000000000007,0.5666666666666664,1
0.4782608695652173,0.6153846153846154,0.5833333333333333,0.15283842794759828,0.09890109890109888,0.16981132075471697,0.30718954248366015,0.48571428571428554,0.25,0.6285714285714283,0.22631578947368414,0.21702637889688245,0.4779874213836477,0.21052631578947367,0.3181818181818182,0.24390243902439024,0.20000000000000018,0.33333333333333304,3
0.5217391304347827,0.15384615384615374,0.41666666666666663,0.3013100436681223,0.20879120879120883,0.09433962264150944,0.2549019607843137,0.48571428571428554,0.16666666666666674,0.15714285714285703,0.1947368421052631,0.19424460431654675,0.06289308176100628,0.07894736842105265,0.0,0.3902439024390244,0.8333333333333339,0.9000000000000004,0
0.5869565217391304,0.5384615384615383,0.41666666666666663,0.35371179039301315,0.25274725274725274,0.09433962264150944,0.326797385620915,0.3999999999999999,0.25,0.4999999999999998,0.2578947368421052,0.26618705035971224,0.39622641509433953,0.11842105263157887,0.4090909090909091,0.14634146341463417,0.8000000000000007,0.7999999999999998,0
0.7608695652173911,0.6153846153846154,0.9583333333333333,0.4366812227074236,0.15384615384615385,0.16981132075471697,0.65359477124183,0.1428571428571428,0.5833333333333335,0.5857142857142856,0.5210526315789473,0.5767386091127098,0.6666666666666667,0.1578947368421052,0.7272727272727273,0.2682926829268293,0.4666666666666668,0.5999999999999996,2
0.4130434782608696,0.5,0.5972222222222221,0.21834061135371186,0.09890109890109888,0.07547169811320756,0.3137254901960784,0.4285714285714286,0.25,0.4285714285714286,0.2894736842105263,0.23741007194244604,0.47169811320754707,0.1578947368421052,0.4545454545454546,0.12195121951219512,0.3333333333333339,0.33333333333333304,2
0.19565217391304346,0.1153846153846152,0.15277777777777768,0.043668122270742404,0.06593406593406592,0.03773584905660377,0.15032679738562083,0.6857142857142857,0.08333333333333348,0.11428571428571432,0.10526315789473684,0.10071942446043167,0.22012578616352196,0.35526315789473684,0.6818181818181819,0.0975609756097561,0.16666666666666696,0.033333333333333215,2
0.8260869565217392,0.9615384615384615,0.9027777777777777,0.34497816593886466,0.04395604395604391,0.07547169811320756,1.0,0.0,1.0,0.8,0.8157894736842105,1.0,0.9182389937106918,0.3421052631578948,0.18181818181818182,0.1951219512195122,0.16666666666666696,0.06666666666666643,0
0.30434782608695654,0.46153846153846145,0.36111111111111105,0.15283842794759828,0.1208791208791209,0.11320754716981132,0.18300653594771243,0.5999999999999999,0.08333333333333348,0.4285714285714286,0.19999999999999996,0.13189448441247,0.4150943396226414,0.1842105263157895,0.13636363636363635,0.29268292682926833,0.40000000000000036,0.5,3
0.4565217391304346,0.5,0.5138888888888888,0.2838427947598253,0.1428571428571429,0.11320754716981132,0.30065359477124187,0.4571428571428571,0.25,0.4285714285714286,0.2684210526315789,0.22661870503597123,0.4528301886792452,0.10526315789473684,0.5454545454545454,0.04878048780487805,0.5666666666666673,0.5999999999999996,2
0.4782608695652173,0.3846153846153846,0.5,0.16593886462882101,0.10989010989010983,0.1509433962264151,0.2549019607843137,0.5142857142857142,0.16666666666666674,0.44285714285714284,0.22631578947368414,0.1858513189448441,0.3144654088050314,0.1578947368421052,0.09090909090909091,0.5609756097560976,0.36666666666666714,0.6333333333333337,3
0.36956521739130443,0.42307692307692313,0.4444444444444444,0.23144104803493448,0.18681318681318682,0.11320754716981132,0.1633986928104575,0.6285714285714286,0.08333333333333348,0.3714285714285712,0.15263157894736834,0.11870503597122303,0.3899371069182389,0.07894736842105265,0.4090909090909091,0.0975609756097561,0.666666666666667,0.7333333333333334,3
0.43478260869565233,0.038461538461538325,0.36111111111111105,0.15720524017467252,0.09890109890109888,0.09433962264150944,0.11764705882352933,0.7142857142857142,0.08333333333333348,0.02857142857142847,0.1105263157894737,0.08033573141486808,0.03144654088050314,0.03947368421052633,0.2272727272727273,0.7073170731707318,0.8333333333333339,0.8666666666666663,1
0.43478260869565233,0.23076923076923062,0.6527777777777777,0.34497816593886466,0.18681318681318682,0.11320754716981132,0.37254901960784315,0.3999999999999999,0.25,0.22857142857142843,0.36842105263157887,0.2853717026378897,0.2515723270440251,0.17105263157894735,0.3181818181818182,0.6097560975609756,0.40000000000000036,0.4666666666666668,2
0.34782608695652173,0.5,0.6111111111111109,0.25764192139737996,0.20879120879120883,0.16981132075471697,0.30718954248366015,0.48571428571428554,0.25,0.5857142857142856,0.22631578947368414,0.22062350119904076,0.42138364779874204,0.17105263157894735,0.045454545454545456,0.4878048780487805,0.3333333333333339,0.5333333333333332,3
0.7173913043478262,0.8076923076923077,0.8472222222222221,0.5152838427947598,0.21978021978021978,0.18867924528301888,0.718954248366013,0.11428571428571421,0.6666666666666665,0.7857142857142858,0.5157894736842105,0.6438848920863309,0.5723270440251573,0.14473684210526316,0.13636363636363635,0.0975609756097561,0.36666666666666714,0.666666666666667,2
0.26086956521739135,0.1153846153846152,0.36111111111111105,0.08296943231441045,0.08791208791208793,0.056603773584905655,0.05228758169934633,0.857142857142857,0.0,0.1428571428571428,0.05263157894736836,0.03357314148681054,0.1383647798742138,0.1842105263157895,0.045454545454545456,0.43902439024390244,0.3333333333333339,0.2999999999999998,3
